      76
0.000000 0.000000 0.000000
0.000000 -0.038648 -0.750095
0.000000 -0.047091 -0.999017
0.000000 -0.100321 -0.995082
0.000000 -0.191865 -0.981550
0.000000 -0.375542 -0.926942
0.000000 -0.552032 -0.645741
0.000000 -0.633541 -0.251354
0.000000 -0.685871 0.149804
0.000000 -0.701265 0.535166
0.000000 -0.574221 0.818855
0.000000 -0.377314 0.926222
0.000000 -0.248102 0.968865
0.000000 -0.157143 0.987704
0.000000 -0.083661 0.996621
0.000000 -0.015918 1.000000
0.000000 0.054073 0.998664
0.000000 0.133633 0.991159
0.000000 0.231237 0.973028
0.000000 0.356839 0.934301
0.000000 0.516954 0.856161
0.000000 0.699331 0.714975
0.000000 0.864041 0.503672
0.000000 0.969530 0.245490
0.000000 0.999880 -0.022230
0.000000 0.963933 -0.266620
0.000000 0.884243 -0.467298
0.000000 0.785942 -0.618506
0.000000 0.687728 -0.726143
0.000000 0.598695 -0.801135
0.000000 0.520732 -0.853869
0.000000 0.452180 -0.892069
0.000000 0.390131 -0.920897
0.000000 0.661522 -0.750095
0.000000 0.000000 0.000000
0.000000 0.000000 0.000000
0.000000 0.000000 0.000000
0.000000 0.000000 0.000000
0.000000 0.000000 0.000000
0.000000 0.000000 0.000000
0.000000 0.000000 0.000000
0.000000 0.000000 0.000000
0.000000 0.000000 0.000000
0.000000 0.000000 0.000000
0.000000 -0.661522 -0.750095
0.000000 -0.282106 -0.959515
0.000000 -0.318782 -0.947962
0.000000 -0.361990 -0.932318
0.000000 -0.414092 -0.910374
0.000000 -0.478464 -0.878251
0.000000 -0.560025 -0.828628
0.000000 -0.665739 -0.746355
0.000000 -0.802978 -0.596221
0.000000 -0.956634 -0.291727
0.000000 -0.979549 0.201835
0.000000 -0.844414 0.535928
0.000000 -0.713673 0.700660
0.000000 -0.610357 0.792287
0.000000 -0.527389 0.849773
0.000000 -0.457604 0.889299
0.000000 -0.395671 0.918530
0.000000 -0.337407 0.941493
0.000000 -0.278980 0.960429
0.000000 -0.216064 0.976509
0.000000 -0.142622 0.989905
0.000000 -0.048482 0.998951
0.000000 0.086637 0.996367
0.000000 0.400471 0.916448
0.000000 0.986195 0.166353
0.000000 0.812095 -0.583742
0.000000 0.562121 -0.827208
0.000000 0.531413 -0.847262
0.000000 0.516284 -0.856565
0.000000 0.509716 -0.860490
0.000000 0.661522 -0.750095
0.000000 0.000000 0.000000
