      76
0.000000 0.000000 0.000000
0.530000 0.000000 0.000000
1.000000 0.000000 0.000000
1.000000 0.000000 0.000000
1.000000 0.000000 0.000000
1.000000 0.000000 0.000000
1.000000 0.000000 0.000000
1.000000 0.000000 0.000000
1.000000 0.000000 0.000000
1.000000 0.000000 0.000000
1.000000 0.000000 0.000000
1.000000 0.000000 0.000000
1.000000 0.000000 0.000000
1.000000 0.000000 0.000000
1.000000 0.000000 0.000000
1.000000 0.000000 0.000000
1.000000 0.000000 0.000000
1.000000 0.000000 0.000000
1.000000 0.000000 0.000000
1.000000 0.000000 0.000000
1.000000 0.000000 0.000000
1.000000 0.000000 0.000000
1.000000 0.000000 0.000000
1.000000 0.000000 0.000000
1.000000 0.000000 0.000000
1.000000 0.000000 0.000000
1.000000 0.000000 0.000000
1.000000 0.000000 0.000000
0.880096 0.000000 0.000000
0.597706 0.000000 0.000000
0.309147 0.000000 0.000000
0.017482 0.000000 0.000000
-0.274431 0.000000 0.000000
0.000000 0.000000 0.000000
0.000000 0.000000 0.000000
0.000000 0.000000 0.000000
0.000000 0.000000 0.000000
0.000000 0.000000 0.000000
0.000000 0.000000 0.000000
0.000000 0.000000 0.000000
0.000000 0.000000 0.000000
0.000000 0.000000 0.000000
0.000000 0.000000 0.000000
0.000000 0.000000 0.000000
0.000000 0.000000 0.000000
0.000000 0.000000 0.000000
-0.530000 0.000000 0.000000
-1.000000 0.000000 0.000000
-1.000000 0.000000 0.000000
-1.000000 0.000000 0.000000
-1.000000 0.000000 0.000000
-1.000000 0.000000 0.000000
-1.000000 0.000000 0.000000
-1.000000 0.000000 0.000000
-1.000000 0.000000 0.000000
-1.000000 0.000000 0.000000
-1.000000 0.000000 0.000000
-1.000000 0.000000 0.000000
-1.000000 0.000000 0.000000
-1.000000 0.000000 0.000000
-1.000000 0.000000 0.000000
-1.000000 0.000000 0.000000
-1.000000 0.000000 0.000000
-1.000000 0.000000 0.000000
-1.000000 0.000000 0.000000
-1.000000 0.000000 0.000000
-1.000000 0.000000 0.000000
-1.000000 0.000000 0.000000
-1.000000 0.000000 0.000000
-1.000000 0.000000 0.000000
-1.000000 0.000000 0.000000
-1.000000 0.000000 0.000000
-1.000000 0.000000 0.000000
-1.000000 0.000000 0.000000
-0.530000 0.000000 0.000000
0.000000 0.000000 0.000000
