      76
0.000000 0.000000 0.000000
0.000000 0.690082 -0.690082
0.000000 0.617862 -0.786438
0.000000 0.611236 -0.791599
0.000000 0.602467 -0.798293
0.000000 0.590274 -0.807351
0.000000 0.571897 -0.820471
0.000000 0.393065 -0.782305
0.000000 0.078506 -0.692714
0.000000 -0.243983 -0.594587
0.000000 -0.557857 -0.489391
0.000000 -0.846952 -0.378671
0.000000 -0.967677 -0.252666
0.000000 -0.991580 -0.130414
0.000000 -0.999951 -0.018355
0.000000 -0.996432 0.085799
0.000000 -0.983078 0.183835
0.000000 -0.960913 0.277280
0.000000 -0.930137 0.367536
0.000000 -0.890121 0.455984
0.000000 -0.839176 0.544079
0.000000 -0.773935 0.633453
0.000000 -0.687859 0.726009
0.000000 -0.567164 0.823749
0.000000 -0.375541 0.924061
0.000000 -0.054821 0.973155
0.000000 0.236722 0.971700
0.000000 0.399644 0.916800
0.000000 0.502720 0.864587
0.000000 0.576865 0.816986
0.000000 0.634396 0.773162
0.000000 0.681255 0.732209
0.000000 0.720728 0.693390
0.000000 0.690082 0.690082
0.000000 0.000000 0.000000
0.000000 0.000000 0.000000
0.000000 0.000000 0.000000
0.000000 0.000000 0.000000
0.000000 0.000000 0.000000
0.000000 0.000000 0.000000
0.000000 0.000000 0.000000
0.000000 0.000000 0.000000
0.000000 0.000000 0.000000
0.000000 0.000000 0.000000
0.000000 0.690082 0.690082
0.000000 0.727582 0.686195
0.000000 0.769279 0.639099
0.000000 0.812812 0.582731
0.000000 0.858952 0.512288
0.000000 0.908440 0.418299
0.000000 0.960357 0.279201
0.000000 0.999001 0.047266
0.000000 0.968178 -0.250737
0.000000 0.885831 -0.464264
0.000000 0.794826 -0.607033
0.000000 0.703154 -0.711205
0.000000 0.611050 -0.791743
0.000000 0.517507 -0.855818
0.000000 0.421322 -0.907042
0.000000 0.321267 -0.947114
0.000000 0.216073 -0.976499
0.000000 0.104370 -0.994658
0.000000 -0.015427 -1.000000
0.000000 -0.145321 -0.989505
0.000000 -0.288151 -0.957709
0.000000 -0.448700 -0.893815
0.000000 -0.637727 -0.770417
0.000000 -0.984487 -0.176135
0.000000 -0.857961 0.513947
0.000000 -0.841526 0.540437
0.000000 -0.831857 0.555204
0.000000 -0.824920 0.565460
0.000000 -0.819511 0.573271
0.000000 -0.815038 0.579613
0.000000 -0.690082 0.690082
0.000000 0.000000 0.000000
