      76
0.000000 0.000000 0.000000
0.000000 -0.530000 -0.530000
0.000000 -0.812651 -0.582750
0.000000 -0.814705 -0.579875
0.000000 -0.818030 -0.575176
0.000000 -0.822884 -0.568210
0.000000 -0.829693 -0.558220
0.000000 -0.839147 -0.543905
0.000000 -0.852382 -0.522920
0.000000 -0.871299 -0.490753
0.000000 -0.898964 -0.438023
0.000000 -0.938708 -0.344714
0.000000 -0.950662 -0.190856
0.000000 -0.842544 -0.037968
0.000000 -0.726818 0.121456
0.000000 -0.605035 0.284392
0.000000 -0.478813 0.447725
0.000000 -0.349811 0.608303
0.000000 -0.219701 0.762992
0.000000 -0.090148 0.908731
0.000000 0.054450 0.998517
0.000000 0.213656 0.976909
0.000000 0.338122 0.941102
0.000000 0.429137 0.903240
0.000000 0.494235 0.869328
0.000000 0.541460 0.840727
0.000000 0.576851 0.816850
0.000000 0.604424 0.796663
0.000000 0.626777 0.779199
0.000000 0.645620 0.763659
0.000000 0.662124 0.749394
0.000000 0.677139 0.735855
0.000000 0.530000 0.530000
0.000000 0.000000 0.000000
0.000000 0.000000 0.000000
0.000000 0.000000 0.000000
0.000000 0.000000 0.000000
0.000000 0.000000 0.000000
0.000000 0.000000 0.000000
0.000000 0.000000 0.000000
0.000000 0.000000 0.000000
0.000000 0.000000 0.000000
0.000000 0.000000 0.000000
0.000000 0.000000 0.000000
0.000000 0.000000 0.000000
0.000000 0.000000 0.000000
0.000000 0.530000 0.530000
0.000000 0.841517 0.540231
0.000000 0.848290 0.529531
0.000000 0.855877 0.517180
0.000000 0.864415 0.502780
0.000000 0.874075 0.485791
0.000000 0.885064 0.465469
0.000000 0.897629 0.440752
0.000000 0.912051 0.410076
0.000000 0.928619 0.371034
0.000000 0.947517 0.319705
0.000000 0.968460 0.249169
0.000000 0.989353 0.145537
0.000000 0.948150 -0.317822
0.000000 0.530281 -0.847822
0.000000 0.000281 -1.000000
0.000000 -0.288792 -0.957392
0.000000 -0.355813 -0.934557
0.000000 -0.399390 -0.916781
0.000000 -0.429919 -0.902868
0.000000 -0.452277 -0.891877
0.000000 -0.469105 -0.883143
0.000000 -0.481961 -0.876193
0.000000 -0.491826 -0.870694
0.000000 -0.499338 -0.866407
0.000000 -0.504924 -0.863164
0.000000 -0.508871 -0.860843
0.000000 -0.511364 -0.859364
0.000000 -0.530000 -0.530000
0.000000 0.000000 0.000000
