    1702
0.000000 0.000000 0.000000
0.028560 0.028595 0.021423
0.057120 0.057191 0.042847
0.085680 0.085786 0.064270
0.114240 0.114381 0.085694
0.142800 0.142977 0.107117
0.171360 0.171572 0.128541
0.199920 0.200167 0.149964
0.228481 0.228763 0.171388
0.257041 0.257358 0.192811
0.285601 0.285953 0.214234
0.314161 0.314548 0.235658
0.342721 0.343144 0.257081
0.371281 0.371739 0.278505
0.399841 0.400334 0.299928
0.428401 0.428930 0.321352
0.456961 0.457525 0.342775
0.485521 0.486120 0.364198
0.514081 0.514716 0.385622
0.542641 0.543311 0.407045
0.571201 0.571906 0.428469
0.599761 0.600502 0.449892
0.628321 0.629097 0.471316
0.656882 0.657692 0.492739
0.685442 0.686288 0.514163
0.714002 0.714883 0.535586
0.742562 0.743478 0.557009
0.771122 0.772073 0.578433
0.799682 0.800669 0.599856
0.828242 0.829264 0.621280
0.856802 0.857859 0.642703
0.885362 0.886455 0.664127
0.913922 0.915050 0.685550
0.942482 0.943645 0.706974
0.942482 0.943645 0.706974
0.942482 0.943645 0.706974
0.942482 0.943645 0.706974
0.942482 0.943645 0.706974
0.942482 0.943645 0.706974
0.942482 0.943645 0.706974
0.942482 0.943645 0.706974
0.942482 0.943645 0.706974
0.942482 0.943645 0.706974
0.942482 0.943645 0.706974
0.942482 0.943645 0.706974
0.942482 0.943645 0.706974
0.942482 0.943645 0.706974
0.942482 0.943645 0.706974
0.942482 0.943645 0.706974
0.942482 0.943645 0.706974
0.942482 0.943645 0.706974
0.942482 0.943645 0.706974
0.942482 0.943645 0.706974
0.942482 0.943645 0.706974
0.942482 0.943645 0.706974
0.942482 0.943645 0.706974
0.942482 0.943645 0.706974
0.942482 0.943645 0.706974
0.942482 0.943645 0.706974
0.942482 0.943645 0.706974
0.942482 0.943645 0.706974
0.942482 0.943645 0.706974
0.942482 0.943645 0.706974
0.942482 0.943645 0.706974
0.942482 0.943645 0.706974
0.942482 0.943645 0.706974
0.942482 0.943645 0.706974
0.942482 0.943645 0.706974
0.942482 0.943645 0.706974
0.942482 0.943645 0.706974
0.942482 0.943645 0.706974
0.942482 0.943645 0.706974
0.942482 0.943645 0.706974
0.942482 0.943645 0.706974
0.942482 0.943645 0.706974
0.942482 0.943645 0.706974
0.942482 0.943645 0.706974
0.942482 0.943645 0.706974
0.942482 0.943645 0.706974
0.942482 0.943645 0.706974
0.942482 0.943645 0.706974
0.942482 0.943645 0.706974
0.942482 0.943645 0.706974
0.942482 0.943645 0.706974
0.942482 0.943645 0.706974
0.942482 0.943645 0.706974
0.942482 0.943645 0.706974
0.942482 0.943645 0.706974
0.942482 0.943645 0.706974
0.942482 0.943645 0.706974
0.942482 0.943645 0.706974
0.942482 0.943645 0.706974
0.942482 0.943645 0.706974
0.913922 0.915085 0.706938
0.885362 0.886525 0.706903
0.856802 0.857965 0.706868
0.828242 0.829405 0.706833
0.799682 0.800845 0.706798
0.771122 0.772284 0.706763
0.742562 0.743724 0.706727
0.714002 0.715164 0.706692
0.685442 0.686604 0.706657
0.656882 0.658044 0.706622
0.628321 0.629484 0.706587
0.599761 0.600923 0.706552
0.571201 0.572363 0.706517
0.542641 0.543803 0.706481
0.514081 0.515243 0.706446
0.485521 0.486683 0.706411
0.456961 0.458123 0.706376
0.428401 0.429562 0.706341
0.399841 0.401002 0.706306
0.371281 0.372442 0.706271
0.342721 0.343882 0.706235
0.314161 0.315322 0.706200
0.285601 0.286762 0.706165
0.257041 0.258201 0.706130
0.228481 0.229641 0.706095
0.199920 0.201081 0.706060
0.171360 0.172521 0.706024
0.142800 0.143961 0.705989
0.114240 0.115401 0.705954
0.085680 0.086840 0.705919
0.057120 0.058280 0.705884
0.028560 0.029720 0.705849
0.000000 0.001160 0.705814
-0.030271 -0.029111 0.705776
-0.060542 -0.059382 0.705739
-0.090813 -0.089653 0.705702
-0.121084 -0.119925 0.705665
-0.151355 -0.150196 0.705627
-0.181626 -0.180467 0.705590
-0.211897 -0.210738 0.705553
-0.242168 -0.241009 0.705516
-0.272439 -0.271280 0.705478
-0.302710 -0.301551 0.705441
-0.332981 -0.331823 0.705404
-0.363252 -0.362094 0.705367
-0.393524 -0.392365 0.705329
-0.423795 -0.422636 0.705292
-0.454066 -0.452907 0.705255
-0.484337 -0.483178 0.705217
-0.514608 -0.513449 0.705180
-0.544879 -0.543721 0.705143
-0.575150 -0.573992 0.705106
-0.605421 -0.604263 0.705068
-0.635692 -0.634534 0.705031
-0.665963 -0.664805 0.704994
-0.696234 -0.695076 0.704957
-0.726505 -0.725347 0.704919
-0.756776 -0.755619 0.704882
-0.787047 -0.785890 0.704845
-0.817318 -0.816161 0.704808
-0.847589 -0.846432 0.704770
-0.877860 -0.876703 0.704733
-0.908131 -0.906974 0.704696
-0.938402 -0.937281 0.683270
-0.968673 -0.967587 0.661845
-0.998944 -0.997893 0.640419
-0.998944 -0.997928 0.619031
-0.998944 -0.997963 0.597643
-0.998944 -0.997999 0.576254
-0.998944 -0.998034 0.554866
-0.998944 -0.998069 0.533478
-0.998944 -0.998104 0.512090
-0.998944 -0.998139 0.490701
-0.998944 -0.998174 0.469313
-0.998944 -0.998209 0.447925
-0.998944 -0.998245 0.426536
-0.998944 -0.998280 0.405148
-0.998944 -0.998315 0.383760
-0.998944 -0.998350 0.362371
-0.998944 -0.998385 0.340983
-0.998944 -0.998420 0.319595
-0.998944 -0.998456 0.298207
-0.998944 -0.998491 0.276818
-0.998944 -0.998526 0.255430
-0.998944 -0.998561 0.234042
-0.998944 -0.998596 0.212653
-0.998944 -0.998631 0.191265
-0.998944 -0.998666 0.169877
-0.998944 -0.998702 0.148489
-0.998944 -0.998737 0.127100
-0.998944 -0.998772 0.105712
-0.998944 -0.998807 0.084324
-0.998944 -0.998842 0.062935
-0.998944 -0.998877 0.041547
-0.998944 -0.998912 0.020159
-0.998944 -0.998948 -0.001229
-0.998944 -0.998980 -0.020634
-0.998944 -0.999011 -0.040038
-0.998944 -0.999043 -0.059442
-0.998944 -0.999075 -0.078847
-0.998944 -0.999107 -0.098251
-0.998944 -0.999139 -0.117655
-0.998944 -0.999171 -0.137060
-0.998944 -0.999203 -0.156464
-0.998944 -0.999235 -0.175868
-0.998944 -0.999267 -0.195272
-0.998944 -0.999298 -0.214677
-0.998944 -0.999330 -0.234081
-0.998944 -0.999362 -0.253485
-0.998944 -0.999394 -0.272890
-0.998944 -0.999426 -0.292294
-0.998944 -0.999458 -0.311698
-0.998944 -0.999490 -0.331102
-0.998944 -0.999522 -0.350507
-0.998944 -0.999554 -0.369911
-0.998944 -0.999585 -0.389315
-0.998944 -0.999617 -0.408720
-0.998944 -0.999649 -0.428124
-0.998944 -0.999681 -0.447528
-0.998944 -0.999713 -0.466933
-0.998944 -0.999745 -0.486337
-0.998944 -0.999777 -0.505741
-0.998944 -0.999809 -0.525145
-0.998944 -0.999841 -0.544550
-0.998944 -0.999872 -0.563954
-0.998944 -0.999904 -0.583358
-0.998944 -0.999936 -0.602763
-0.998944 -0.999968 -0.622167
-0.998944 -1.000000 -0.641571
-0.998944 -1.000000 -0.641571
-0.998944 -1.000000 -0.641571
-0.998944 -1.000000 -0.641571
-0.998944 -1.000000 -0.641571
-0.998944 -1.000000 -0.641571
-0.998944 -1.000000 -0.641571
-0.998944 -1.000000 -0.641571
-0.998944 -1.000000 -0.641571
-0.998944 -1.000000 -0.641571
-0.998944 -1.000000 -0.641571
-0.998944 -1.000000 -0.641571
-0.998944 -1.000000 -0.641571
-0.998944 -1.000000 -0.641571
-0.998944 -1.000000 -0.641571
-0.998944 -1.000000 -0.641571
-0.998944 -1.000000 -0.641571
-0.998944 -1.000000 -0.641571
-0.998944 -1.000000 -0.641571
-0.998944 -1.000000 -0.641571
-0.998944 -1.000000 -0.641571
-0.998944 -1.000000 -0.641571
-0.998944 -1.000000 -0.641571
-0.998944 -1.000000 -0.641571
-0.998944 -1.000000 -0.641571
-0.998944 -1.000000 -0.641571
-0.998944 -1.000000 -0.641571
-0.998944 -1.000000 -0.641571
-0.998944 -1.000000 -0.641571
-0.998944 -1.000000 -0.641571
-0.998944 -1.000000 -0.641571
-0.998944 -1.000000 -0.641571
-0.998944 -1.000000 -0.641571
-0.998944 -1.000000 -0.641571
-0.998944 -1.000000 -0.641571
-0.998944 -1.000000 -0.641571
-0.998944 -1.000000 -0.641571
-0.998944 -1.000000 -0.641571
-0.998944 -1.000000 -0.641571
-0.998944 -1.000000 -0.641571
-0.998944 -1.000000 -0.641571
-0.998944 -1.000000 -0.641571
-0.998944 -1.000000 -0.641571
-0.998944 -1.000000 -0.641571
-0.998944 -1.000000 -0.641571
-0.998944 -1.000000 -0.641571
-0.998944 -1.000000 -0.641571
-0.998944 -1.000000 -0.641571
-0.998944 -1.000000 -0.641571
-0.998944 -1.000000 -0.641571
-0.998944 -1.000000 -0.641571
-0.998944 -1.000000 -0.641571
-0.998944 -1.000000 -0.641571
-0.998944 -1.000000 -0.641571
-0.998944 -1.000000 -0.641571
-0.998944 -1.000000 -0.641571
-0.998944 -1.000000 -0.641571
-0.998944 -1.000000 -0.641571
-0.998944 -1.000000 -0.641571
-0.998944 -1.000000 -0.641571
-0.998944 -1.000000 -0.641571
-0.998944 -1.000000 -0.641571
-0.998944 -1.000000 -0.641571
-0.998944 -1.000000 -0.641571
-0.998944 -1.000000 -0.641571
-0.998944 -1.000000 -0.641571
-0.998944 -1.000000 -0.641571
-0.998944 -1.000000 -0.641571
-0.998944 -1.000000 -0.641571
-0.998944 -1.000000 -0.641571
-0.998944 -1.000000 -0.641571
-0.998944 -1.000000 -0.641571
-0.998944 -1.000000 -0.641571
-0.998944 -1.000000 -0.641571
-0.998944 -1.000000 -0.641571
-0.998944 -1.000000 -0.641571
-0.998944 -1.000000 -0.641571
-0.998944 -1.000000 -0.641571
-0.998944 -1.000000 -0.641571
-0.998944 -1.000000 -0.641571
-0.998944 -1.000000 -0.641571
-0.998944 -1.000000 -0.641571
-0.998944 -1.000000 -0.641571
-0.998944 -1.000000 -0.641571
-0.998944 -1.000000 -0.641571
-0.998944 -1.000000 -0.641571
-0.998944 -1.000000 -0.641571
-0.998944 -1.000000 -0.641571
-0.998944 -1.000000 -0.641571
-0.998944 -1.000000 -0.641571
-0.998944 -1.000000 -0.641571
-0.998944 -1.000000 -0.641571
-0.998944 -1.000000 -0.641571
-0.998944 -1.000000 -0.641571
-0.998944 -1.000000 -0.641571
-0.998944 -1.000000 -0.641571
-0.998944 -1.000000 -0.641571
-0.998944 -1.000000 -0.641571
-0.998944 -1.000000 -0.641571
-0.998944 -1.000000 -0.641571
-0.998944 -1.000000 -0.641571
-0.998944 -1.000000 -0.641571
-0.998944 -1.000000 -0.641571
-0.998944 -1.000000 -0.641571
-0.998944 -1.000000 -0.641571
-0.998944 -1.000000 -0.641571
-0.998944 -1.000000 -0.641571
-0.998944 -1.000000 -0.641571
-0.998944 -1.000000 -0.641571
-0.998944 -1.000000 -0.641571
-0.998944 -1.000000 -0.641571
-0.998944 -1.000000 -0.641571
-0.998944 -1.000000 -0.641571
-0.998944 -1.000000 -0.641571
-0.998944 -1.000000 -0.641571
-0.998944 -1.000000 -0.641571
-0.998944 -1.000000 -0.641571
-0.998944 -1.000000 -0.641571
-0.998944 -1.000000 -0.641571
-0.998944 -1.000000 -0.641571
-0.998944 -1.000000 -0.641571
-0.998944 -1.000000 -0.641571
-0.968673 -0.969729 -0.641534
-0.938402 -0.939458 -0.641497
-0.908131 -0.909187 -0.641459
-0.877860 -0.878915 -0.641422
-0.847589 -0.848644 -0.641385
-0.817318 -0.818373 -0.641348
-0.787047 -0.788102 -0.641310
-0.756776 -0.757831 -0.641273
-0.726505 -0.727560 -0.641236
-0.696234 -0.697289 -0.641199
-0.665963 -0.667017 -0.641161
-0.635692 -0.636746 -0.641124
-0.605421 -0.606475 -0.641087
-0.575150 -0.576204 -0.641050
-0.544879 -0.545933 -0.641012
-0.514608 -0.515662 -0.640975
-0.484337 -0.485391 -0.640938
-0.454066 -0.455119 -0.640901
-0.423795 -0.424848 -0.640863
-0.393524 -0.394577 -0.640826
-0.363252 -0.364306 -0.640789
-0.332981 -0.334035 -0.640752
-0.302710 -0.303764 -0.640714
-0.272439 -0.273493 -0.640677
-0.242168 -0.243221 -0.640640
-0.211897 -0.212950 -0.640603
-0.181626 -0.182679 -0.640565
-0.151355 -0.152408 -0.640528
-0.121084 -0.122137 -0.640491
-0.090813 -0.091866 -0.640454
-0.060542 -0.061595 -0.640416
-0.030271 -0.031323 -0.640379
-0.000000 -0.001052 -0.640342
0.030271 0.029219 -0.640304
0.060542 0.059490 -0.640267
0.090813 0.089761 -0.640230
0.121084 0.120032 -0.640193
0.151355 0.150303 -0.640155
0.181626 0.180574 -0.640118
0.211897 0.210846 -0.640081
0.242168 0.241117 -0.640044
0.272439 0.271388 -0.640006
0.302710 0.301659 -0.639969
0.332981 0.331930 -0.639932
0.363252 0.362201 -0.639895
0.393524 0.392472 -0.639857
0.423795 0.422744 -0.639820
0.454066 0.453015 -0.639783
0.484337 0.483286 -0.639746
0.514608 0.513557 -0.639708
0.544879 0.543828 -0.639671
0.575150 0.574099 -0.639634
0.605421 0.604370 -0.639597
0.635692 0.634642 -0.639559
0.665963 0.664913 -0.639522
0.696234 0.695184 -0.639485
0.726505 0.725455 -0.639448
0.756776 0.755726 -0.639410
0.787047 0.785997 -0.639373
0.817318 0.816268 -0.639336
0.847589 0.846540 -0.639299
0.877860 0.876811 -0.639261
0.908131 0.907082 -0.639224
0.938402 0.937353 -0.639187
0.968673 0.967624 -0.639150
0.998944 0.997895 -0.639112
0.998944 0.997895 -0.639112
0.998944 0.997895 -0.639112
0.998944 0.997895 -0.639112
0.998944 0.997895 -0.639112
0.998944 0.997895 -0.639112
0.998944 0.997895 -0.639112
0.998944 0.997895 -0.639112
0.998944 0.997895 -0.639112
0.998944 0.997895 -0.639112
0.998944 0.997895 -0.639112
0.998944 0.997895 -0.639112
0.998944 0.997895 -0.639112
0.998944 0.997895 -0.639112
0.998944 0.997895 -0.639112
0.998944 0.997895 -0.639112
0.998944 0.997895 -0.639112
0.998944 0.997895 -0.639112
0.998944 0.997895 -0.639112
0.998944 0.997895 -0.639112
0.998944 0.997895 -0.639112
0.998944 0.997895 -0.639112
0.998944 0.997895 -0.639112
0.998944 0.997895 -0.639112
0.998944 0.997895 -0.639112
0.998944 0.997895 -0.639112
0.998944 0.997895 -0.639112
0.998944 0.997895 -0.639112
0.998944 0.997895 -0.639112
0.998944 0.997895 -0.639112
0.998944 0.997895 -0.639112
0.998944 0.997895 -0.639112
0.998944 0.997895 -0.639112
0.998944 0.997895 -0.639112
0.998944 0.997895 -0.639112
0.998944 0.997895 -0.639112
0.998944 0.997895 -0.639112
0.998944 0.997895 -0.639112
0.998944 0.997895 -0.639112
0.998944 0.997895 -0.639112
0.998944 0.997895 -0.639112
0.998944 0.997895 -0.639112
0.998944 0.997895 -0.639112
0.998944 0.997895 -0.639112
0.998944 0.997895 -0.639112
0.998944 0.997895 -0.639112
0.998944 0.997895 -0.639112
0.998944 0.997895 -0.639112
0.998944 0.997895 -0.639112
0.998944 0.997895 -0.639112
0.998944 0.997895 -0.639112
0.998944 0.997895 -0.639112
0.998944 0.997895 -0.639112
0.998944 0.997895 -0.639112
0.998944 0.997895 -0.639112
0.998944 0.997895 -0.639112
0.998944 0.997895 -0.639112
0.998944 0.997895 -0.639112
0.998944 0.997895 -0.639112
0.998944 0.997895 -0.639112
0.998944 0.997895 -0.639112
0.998944 0.997895 -0.639112
0.998944 0.997895 -0.639112
0.998944 0.997895 -0.639112
0.998944 0.997895 -0.639112
0.998944 0.997895 -0.639112
0.998944 0.997895 -0.639112
0.998944 0.997895 -0.639112
0.998944 0.997895 -0.639112
0.998944 0.997895 -0.639112
0.998944 0.997895 -0.639112
0.998944 0.997895 -0.639112
0.998944 0.997895 -0.639112
0.998944 0.997895 -0.639112
0.998944 0.997895 -0.639112
0.998944 0.997895 -0.639112
0.998944 0.997895 -0.639112
0.998944 0.997895 -0.639112
0.998944 0.997895 -0.639112
0.998944 0.997895 -0.639112
0.998944 0.997895 -0.639112
0.998944 0.997895 -0.639112
0.998944 0.997895 -0.639112
0.998944 0.997895 -0.639112
0.998944 0.997895 -0.639112
0.998944 0.997895 -0.639112
0.998944 0.997895 -0.639112
0.998944 0.997895 -0.639112
0.998944 0.997895 -0.639112
0.998944 0.997895 -0.639112
0.998944 0.997895 -0.639112
0.998944 0.997895 -0.639112
0.998944 0.997895 -0.639112
0.998944 0.997895 -0.639112
0.998944 0.997895 -0.639112
0.998944 0.997895 -0.639112
0.998944 0.997895 -0.639112
0.998944 0.997895 -0.639112
0.998944 0.997895 -0.639112
0.998944 0.997895 -0.639112
0.998944 0.997895 -0.639112
0.998944 0.997895 -0.639112
0.998944 0.997895 -0.639112
0.998944 0.997895 -0.639112
0.998944 0.997895 -0.639112
0.998944 0.997895 -0.639112
0.998944 0.997895 -0.639112
0.998944 0.997895 -0.639112
0.998944 0.997895 -0.639112
0.998944 0.997895 -0.639112
0.998944 0.997895 -0.639112
0.998944 0.997895 -0.639112
0.998944 0.997895 -0.639112
0.998944 0.997895 -0.639112
0.998944 0.997895 -0.639112
0.998944 0.997895 -0.639112
0.998944 0.997895 -0.639112
0.998944 0.997895 -0.639112
0.998944 0.997895 -0.639112
0.998944 0.997895 -0.639112
0.998944 0.997895 -0.639112
0.998944 0.997895 -0.639112
0.998944 0.997895 -0.639112
0.998944 0.997927 -0.619708
0.998944 0.997959 -0.600304
0.998944 0.997991 -0.580899
0.998944 0.998023 -0.561495
0.998944 0.998055 -0.542091
0.998944 0.998087 -0.522687
0.998944 0.998119 -0.503282
0.998944 0.998150 -0.483878
0.998944 0.998182 -0.464474
0.998944 0.998214 -0.445069
0.998944 0.998246 -0.425665
0.998944 0.998278 -0.406261
0.998944 0.998310 -0.386856
0.998944 0.998342 -0.367452
0.998944 0.998374 -0.348048
0.998944 0.998406 -0.328644
0.998944 0.998437 -0.309239
0.998944 0.998469 -0.289835
0.998944 0.998501 -0.270431
0.998944 0.998533 -0.251026
0.998944 0.998565 -0.231622
0.998944 0.998597 -0.212218
0.998944 0.998629 -0.192814
0.998944 0.998661 -0.173409
0.998944 0.998693 -0.154005
0.998944 0.998724 -0.134601
0.998944 0.998756 -0.115196
0.998944 0.998788 -0.095792
0.998944 0.998820 -0.076388
0.998944 0.998852 -0.056983
0.998944 0.998884 -0.037579
0.998944 0.998916 -0.018175
0.998944 0.998948 0.001229
0.998944 0.998983 0.022795
0.998944 0.999019 0.044360
0.998944 0.999054 0.065926
0.998944 0.999089 0.087491
0.998944 0.999125 0.109057
0.998944 0.999160 0.130622
0.998944 0.999196 0.152188
0.998944 0.999231 0.173753
0.998944 0.999267 0.195319
0.998944 0.999302 0.216884
0.998944 0.999337 0.238450
0.998944 0.999373 0.260015
0.998944 0.999408 0.281581
0.998944 0.999444 0.303146
0.998944 0.999479 0.324712
0.998944 0.999515 0.346277
0.998944 0.999550 0.367843
0.998944 0.999586 0.389408
0.998944 0.999621 0.410974
0.998944 0.999656 0.432539
0.998944 0.999692 0.454105
0.998944 0.999727 0.475670
0.998944 0.999763 0.497235
0.998944 0.999798 0.518801
0.998944 0.999834 0.540366
0.998944 0.999869 0.561932
0.998944 0.999905 0.583497
0.998944 0.999940 0.605063
0.998944 0.999975 0.626628
0.968673 0.969740 0.648157
0.938402 0.939504 0.669685
0.908131 0.909268 0.691213
0.877860 0.879033 0.712741
0.847589 0.848762 0.712704
0.817318 0.818490 0.712667
0.787047 0.788219 0.712629
0.756776 0.757948 0.712592
0.726505 0.727677 0.712555
0.696234 0.697406 0.712518
0.665963 0.667135 0.712480
0.635692 0.636864 0.712443
0.605421 0.606592 0.712406
0.575150 0.576321 0.712369
0.544879 0.546050 0.712331
0.514608 0.515779 0.712294
0.484337 0.485508 0.712257
0.454066 0.455237 0.712220
0.423795 0.424966 0.712182
0.393524 0.394694 0.712145
0.363252 0.364423 0.712108
0.332981 0.334152 0.712071
0.302710 0.303881 0.712033
0.272439 0.273610 0.711996
0.242168 0.243339 0.711959
0.211897 0.213068 0.711922
0.181626 0.182796 0.711884
0.151355 0.152525 0.711847
0.121084 0.122254 0.711810
0.090813 0.091983 0.711773
0.060542 0.061712 0.711735
0.030271 0.031441 0.711698
0.000000 0.001170 0.711661
-0.028560 -0.027391 0.711626
-0.057120 -0.055951 0.711591
-0.085680 -0.084511 0.711555
-0.114240 -0.113071 0.711520
-0.142800 -0.141631 0.711485
-0.171360 -0.170191 0.711450
-0.199920 -0.198752 0.711415
-0.228481 -0.227312 0.711380
-0.257041 -0.255872 0.711344
-0.285601 -0.284432 0.711309
-0.314161 -0.312992 0.711274
-0.342721 -0.341552 0.711239
-0.371281 -0.370113 0.711204
-0.399841 -0.398673 0.711169
-0.428401 -0.427233 0.711134
-0.456961 -0.455793 0.711098
-0.485521 -0.484353 0.711063
-0.514081 -0.512913 0.711028
-0.542641 -0.541474 0.710993
-0.571201 -0.570034 0.710958
-0.599761 -0.598594 0.710923
-0.628321 -0.627154 0.710888
-0.656882 -0.655714 0.710852
-0.685442 -0.684274 0.710817
-0.714002 -0.712835 0.710782
-0.742562 -0.741395 0.710747
-0.771122 -0.769955 0.710712
-0.799682 -0.798515 0.710677
-0.828242 -0.827075 0.710641
-0.856802 -0.855635 0.710606
-0.885362 -0.884195 0.710571
-0.913922 -0.912756 0.710536
-0.942482 -0.941316 0.710501
-0.942482 -0.941316 0.710501
-0.942482 -0.941316 0.710501
-0.942482 -0.941316 0.710501
-0.942482 -0.941316 0.710501
-0.942482 -0.941316 0.710501
-0.942482 -0.941316 0.710501
-0.942482 -0.941316 0.710501
-0.942482 -0.941316 0.710501
-0.942482 -0.941316 0.710501
-0.942482 -0.941316 0.710501
-0.942482 -0.941316 0.710501
-0.942482 -0.941316 0.710501
-0.942482 -0.941316 0.710501
-0.942482 -0.941316 0.710501
-0.942482 -0.941316 0.710501
-0.942482 -0.941316 0.710501
-0.942482 -0.941316 0.710501
-0.942482 -0.941316 0.710501
-0.942482 -0.941316 0.710501
-0.942482 -0.941316 0.710501
-0.942482 -0.941316 0.710501
-0.942482 -0.941316 0.710501
-0.942482 -0.941316 0.710501
-0.942482 -0.941316 0.710501
-0.942482 -0.941316 0.710501
-0.942482 -0.941316 0.710501
-0.942482 -0.941316 0.710501
-0.942482 -0.941316 0.710501
-0.942482 -0.941316 0.710501
-0.942482 -0.941316 0.710501
-0.942482 -0.941316 0.710501
-0.942482 -0.941316 0.710501
-0.942482 -0.941316 0.710501
-0.942482 -0.941316 0.710501
-0.942482 -0.941316 0.710501
-0.942482 -0.941316 0.710501
-0.942482 -0.941316 0.710501
-0.942482 -0.941316 0.710501
-0.942482 -0.941316 0.710501
-0.942482 -0.941316 0.710501
-0.942482 -0.941316 0.710501
-0.942482 -0.941316 0.710501
-0.942482 -0.941316 0.710501
-0.942482 -0.941316 0.710501
-0.942482 -0.941316 0.710501
-0.942482 -0.941316 0.710501
-0.942482 -0.941316 0.710501
-0.942482 -0.941316 0.710501
-0.942482 -0.941316 0.710501
-0.942482 -0.941316 0.710501
-0.942482 -0.941316 0.710501
-0.942482 -0.941316 0.710501
-0.942482 -0.941316 0.710501
-0.942482 -0.941316 0.710501
-0.942482 -0.941316 0.710501
-0.942482 -0.941316 0.710501
-0.942482 -0.941316 0.710501
-0.942482 -0.941316 0.710501
-0.942482 -0.941316 0.710501
-0.913922 -0.912791 0.688971
-0.885362 -0.884266 0.667440
-0.856802 -0.855742 0.645910
-0.828242 -0.827217 0.624380
-0.799682 -0.798692 0.602849
-0.771122 -0.770167 0.581319
-0.742562 -0.741643 0.559789
-0.714002 -0.713118 0.538258
-0.685442 -0.684593 0.516728
-0.656882 -0.656069 0.495198
-0.628321 -0.627544 0.473667
-0.599761 -0.599019 0.452137
-0.571201 -0.570494 0.430607
-0.542641 -0.541970 0.409076
-0.514081 -0.513445 0.387546
-0.485521 -0.484920 0.366016
-0.456961 -0.456396 0.344485
-0.428401 -0.427871 0.322955
-0.399841 -0.399346 0.301425
-0.371281 -0.370821 0.279894
-0.342721 -0.342297 0.258364
-0.314161 -0.313772 0.236834
-0.285601 -0.285247 0.215303
-0.257041 -0.256722 0.193773
-0.228481 -0.228198 0.172243
-0.199920 -0.199673 0.150712
-0.171360 -0.171148 0.129182
-0.142800 -0.142624 0.107652
-0.114240 -0.114099 0.086121
-0.085680 -0.085574 0.064591
-0.057120 -0.057049 0.043061
-0.028560 -0.028525 0.021530
0.000000 0.000000 0.000000
0.000000 0.000000 0.000000
0.000000 0.000000 0.000000
0.000000 0.000000 0.000000
0.000000 0.000000 0.000000
0.000000 0.000000 0.000000
0.000000 0.000000 0.000000
0.000000 0.000000 0.000000
0.000000 0.000000 0.000000
0.000000 0.000000 0.000000
0.000000 0.000000 0.000000
0.000000 0.000000 0.000000
0.000000 0.000000 0.000000
0.000000 0.000000 0.000000
0.000000 0.000000 0.000000
0.000000 0.000000 0.000000
0.000000 0.000000 0.000000
0.000000 0.000000 0.000000
0.000000 0.000000 0.000000
0.000000 0.000000 0.000000
0.000000 0.000000 0.000000
0.000000 0.000000 0.000000
0.000000 0.000000 0.000000
0.000000 0.000000 0.000000
0.000000 0.000000 0.000000
0.000000 0.000000 0.000000
0.000000 0.000000 0.000000
0.000000 0.000000 0.000000
0.000000 0.000000 0.000000
0.000000 0.000000 0.000000
0.000000 0.000000 0.000000
0.000000 0.000000 0.000000
0.000000 0.000000 0.000000
0.000000 0.000000 0.000000
0.000000 0.000000 0.000000
0.000000 0.000000 0.000000
0.000000 0.000000 0.000000
0.000000 0.000000 0.000000
0.000000 0.000000 0.000000
0.000000 0.000000 0.000000
0.000000 0.000000 0.000000
0.000000 0.000000 0.000000
0.000000 0.000000 0.000000
0.000000 0.000000 0.000000
0.000000 0.000000 0.000000
0.000000 0.000000 0.000000
0.000000 0.000000 0.000000
0.000000 0.000000 0.000000
0.000000 0.000000 0.000000
0.000000 0.000000 0.000000
0.000000 0.000000 0.000000
0.000000 0.000000 0.000000
0.000000 0.000000 0.000000
0.000000 0.000000 0.000000
0.000000 0.000000 0.000000
0.000000 0.000000 0.000000
0.000000 0.000000 0.000000
0.000000 0.000000 0.000000
0.000000 0.000000 0.000000
0.000000 0.000000 0.000000
0.000000 0.000000 0.000000
0.000000 0.000000 0.000000
0.000000 0.000000 0.000000
0.000000 0.000000 0.000000
0.000000 0.000000 0.000000
0.000000 0.000000 0.000000
0.000000 0.000000 0.000000
0.000000 0.000000 0.000000
0.000000 0.000000 0.000000
0.000000 0.000000 0.000000
0.000000 0.000000 0.000000
0.000000 0.000000 0.000000
0.000000 0.000000 0.000000
0.000000 0.000000 0.000000
0.000000 0.000000 0.000000
0.000000 0.000000 0.000000
0.000000 0.000000 0.000000
0.000000 0.000000 0.000000
0.000000 0.000000 0.000000
0.000000 0.000000 0.000000
0.000000 0.000000 0.000000
0.000000 0.000000 0.000000
0.000000 0.000000 0.000000
0.000000 0.000000 0.000000
0.000000 0.000000 0.000000
0.000000 0.000000 0.000000
0.000000 0.000000 0.000000
0.000000 0.000000 0.000000
0.000000 0.000000 0.000000
0.000000 0.000000 0.000000
0.000000 0.000000 0.000000
0.000000 0.000000 0.000000
0.000000 0.000000 0.000000
0.000000 0.000000 0.000000
0.000000 0.000000 0.000000
0.000000 0.000000 0.000000
0.000000 0.000000 0.000000
0.000000 0.000000 0.000000
0.000000 0.000000 0.000000
0.000000 0.000000 0.000000
0.000000 0.000000 0.000000
0.000000 0.000000 0.000000
0.000000 0.000000 0.000000
0.000000 0.000000 0.000000
0.000000 0.000000 0.000000
0.000000 0.000000 0.000000
0.000000 0.000000 0.000000
0.000000 0.000000 0.000000
0.000000 0.000000 0.000000
0.000000 0.000000 0.000000
0.000000 0.000000 0.000000
0.000000 0.000000 0.000000
0.000000 0.000000 0.000000
0.000000 0.000000 0.000000
0.000000 0.000000 0.000000
0.000000 0.000000 0.000000
0.000000 0.000000 0.000000
0.000000 0.000000 0.000000
0.000000 0.000000 0.000000
0.000000 0.000000 0.000000
0.000000 0.000000 0.000000
0.000000 0.000000 0.000000
0.000000 0.000000 0.000000
0.000000 0.000000 0.000000
0.000000 0.000000 0.000000
0.000000 0.000000 0.000000
0.000000 0.000000 0.000000
0.000000 0.000000 0.000000
0.000000 0.000000 0.000000
0.000000 0.000000 0.000000
0.000000 0.000000 0.000000
0.000000 0.000000 0.000000
0.000000 0.000000 0.000000
0.000000 0.000000 0.000000
0.000000 0.000000 0.000000
0.000000 0.000000 0.000000
0.000000 0.000000 0.000000
0.000000 0.000000 0.000000
0.000000 0.000000 0.000000
0.000000 0.000000 0.000000
0.000000 0.000000 0.000000
0.000000 0.000000 0.000000
0.000000 0.000000 0.000000
0.000000 0.000000 0.000000
0.000000 0.000000 0.000000
0.000000 0.000000 0.000000
0.000000 0.000000 0.000000
0.000000 0.000000 0.000000
0.000000 0.000000 0.000000
0.000000 0.000000 0.000000
0.000000 0.000000 0.000000
0.000000 0.000000 0.000000
0.000000 0.000000 0.000000
0.000000 0.000000 0.000000
0.000000 0.000000 0.000000
0.000000 0.000000 0.000000
0.000000 0.000000 0.000000
0.000000 0.000000 0.000000
0.000000 0.000000 0.000000
0.000000 0.000000 0.000000
0.000000 0.000000 0.000000
0.000000 0.000000 0.000000
0.000000 0.000000 0.000000
0.000000 0.000000 0.000000
0.000000 0.000000 0.000000
0.000000 0.000000 0.000000
0.000000 0.000000 0.000000
0.000000 0.000000 0.000000
0.000000 0.000000 0.000000
0.000000 0.000000 0.000000
0.000000 0.000000 0.000000
0.000000 0.000000 0.000000
0.000000 0.000000 0.000000
0.000000 0.000000 0.000000
0.000000 0.000000 0.000000
0.000000 0.000000 0.000000
0.000000 0.000000 0.000000
0.000000 0.000000 0.000000
0.000000 0.000000 0.000000
0.000000 0.000000 0.000000
0.000000 0.000000 0.000000
0.000000 0.000000 0.000000
0.000000 0.000000 0.000000
0.000000 0.000000 0.000000
0.000000 0.000000 0.000000
0.000000 0.000000 0.000000
0.000000 0.000000 0.000000
0.000000 0.000000 0.000000
0.000000 0.000000 0.000000
0.000000 0.000000 0.000000
0.000000 0.000000 0.000000
0.000000 0.000000 0.000000
0.000000 0.000000 0.000000
0.000000 0.000000 0.000000
0.000000 0.000000 0.000000
0.000000 0.000000 0.000000
0.000000 0.000000 0.000000
0.000000 0.000000 0.000000
0.000000 0.000000 0.000000
0.000000 0.000000 0.000000
0.000000 0.000000 0.000000
0.000000 0.000000 0.000000
0.028560 -0.028595 -0.021423
0.057120 -0.057191 -0.042847
0.085680 -0.085786 -0.064270
0.114240 -0.114381 -0.085694
0.142800 -0.142977 -0.107117
0.171360 -0.171572 -0.128541
0.199920 -0.200167 -0.149964
0.228481 -0.228763 -0.171388
0.257041 -0.257358 -0.192811
0.285601 -0.285953 -0.214234
0.314161 -0.314548 -0.235658
0.342721 -0.343144 -0.257081
0.371281 -0.371739 -0.278505
0.399841 -0.400334 -0.299928
0.428401 -0.428930 -0.321352
0.456961 -0.457525 -0.342775
0.485521 -0.486120 -0.364198
0.514081 -0.514716 -0.385622
0.542641 -0.543311 -0.407045
0.571201 -0.571906 -0.428469
0.599761 -0.600502 -0.449892
0.628321 -0.629097 -0.471316
0.656882 -0.657692 -0.492739
0.685442 -0.686288 -0.514163
0.714002 -0.714883 -0.535586
0.742562 -0.743478 -0.557009
0.771122 -0.772073 -0.578433
0.799682 -0.800669 -0.599856
0.828242 -0.829264 -0.621280
0.856802 -0.857859 -0.642703
0.885362 -0.886455 -0.664127
0.913922 -0.915050 -0.685550
0.942482 -0.943645 -0.706974
0.942482 -0.943645 -0.706974
0.942482 -0.943645 -0.706974
0.942482 -0.943645 -0.706974
0.942482 -0.943645 -0.706974
0.942482 -0.943645 -0.706974
0.942482 -0.943645 -0.706974
0.942482 -0.943645 -0.706974
0.942482 -0.943645 -0.706974
0.942482 -0.943645 -0.706974
0.942482 -0.943645 -0.706974
0.942482 -0.943645 -0.706974
0.942482 -0.943645 -0.706974
0.942482 -0.943645 -0.706974
0.942482 -0.943645 -0.706974
0.942482 -0.943645 -0.706974
0.942482 -0.943645 -0.706974
0.942482 -0.943645 -0.706974
0.942482 -0.943645 -0.706974
0.942482 -0.943645 -0.706974
0.942482 -0.943645 -0.706974
0.942482 -0.943645 -0.706974
0.942482 -0.943645 -0.706974
0.942482 -0.943645 -0.706974
0.942482 -0.943645 -0.706974
0.942482 -0.943645 -0.706974
0.942482 -0.943645 -0.706974
0.942482 -0.943645 -0.706974
0.942482 -0.943645 -0.706974
0.942482 -0.943645 -0.706974
0.942482 -0.943645 -0.706974
0.942482 -0.943645 -0.706974
0.942482 -0.943645 -0.706974
0.942482 -0.943645 -0.706974
0.942482 -0.943645 -0.706974
0.942482 -0.943645 -0.706974
0.942482 -0.943645 -0.706974
0.942482 -0.943645 -0.706974
0.942482 -0.943645 -0.706974
0.942482 -0.943645 -0.706974
0.942482 -0.943645 -0.706974
0.942482 -0.943645 -0.706974
0.942482 -0.943645 -0.706974
0.942482 -0.943645 -0.706974
0.942482 -0.943645 -0.706974
0.942482 -0.943645 -0.706974
0.942482 -0.943645 -0.706974
0.942482 -0.943645 -0.706974
0.942482 -0.943645 -0.706974
0.942482 -0.943645 -0.706974
0.942482 -0.943645 -0.706974
0.942482 -0.943645 -0.706974
0.942482 -0.943645 -0.706974
0.942482 -0.943645 -0.706974
0.942482 -0.943645 -0.706974
0.942482 -0.943645 -0.706974
0.942482 -0.943645 -0.706974
0.942482 -0.943645 -0.706974
0.942482 -0.943645 -0.706974
0.942482 -0.943645 -0.706974
0.913922 -0.915085 -0.706938
0.885362 -0.886525 -0.706903
0.856802 -0.857965 -0.706868
0.828242 -0.829405 -0.706833
0.799682 -0.800845 -0.706798
0.771122 -0.772284 -0.706763
0.742562 -0.743724 -0.706727
0.714002 -0.715164 -0.706692
0.685442 -0.686604 -0.706657
0.656882 -0.658044 -0.706622
0.628321 -0.629484 -0.706587
0.599761 -0.600923 -0.706552
0.571201 -0.572363 -0.706517
0.542641 -0.543803 -0.706481
0.514081 -0.515243 -0.706446
0.485521 -0.486683 -0.706411
0.456961 -0.458123 -0.706376
0.428401 -0.429562 -0.706341
0.399841 -0.401002 -0.706306
0.371281 -0.372442 -0.706271
0.342721 -0.343882 -0.706235
0.314161 -0.315322 -0.706200
0.285601 -0.286762 -0.706165
0.257041 -0.258201 -0.706130
0.228481 -0.229641 -0.706095
0.199920 -0.201081 -0.706060
0.171360 -0.172521 -0.706024
0.142800 -0.143961 -0.705989
0.114240 -0.115401 -0.705954
0.085680 -0.086840 -0.705919
0.057120 -0.058280 -0.705884
0.028560 -0.029720 -0.705849
-0.000000 -0.001160 -0.705814
-0.030271 0.029111 -0.705776
-0.060542 0.059382 -0.705739
-0.090813 0.089653 -0.705702
-0.121084 0.119925 -0.705665
-0.151355 0.150196 -0.705627
-0.181626 0.180467 -0.705590
-0.211897 0.210738 -0.705553
-0.242168 0.241009 -0.705516
-0.272439 0.271280 -0.705478
-0.302710 0.301551 -0.705441
-0.332981 0.331823 -0.705404
-0.363252 0.362094 -0.705367
-0.393524 0.392365 -0.705329
-0.423795 0.422636 -0.705292
-0.454066 0.452907 -0.705255
-0.484337 0.483178 -0.705217
-0.514608 0.513449 -0.705180
-0.544879 0.543721 -0.705143
-0.575150 0.573992 -0.705106
-0.605421 0.604263 -0.705068
-0.635692 0.634534 -0.705031
-0.665963 0.664805 -0.704994
-0.696234 0.695076 -0.704957
-0.726505 0.725347 -0.704919
-0.756776 0.755619 -0.704882
-0.787047 0.785890 -0.704845
-0.817318 0.816161 -0.704808
-0.847589 0.846432 -0.704770
-0.877860 0.876703 -0.704733
-0.908131 0.906974 -0.704696
-0.938402 0.937281 -0.683270
-0.968673 0.967587 -0.661845
-0.998944 0.997893 -0.640419
-0.998944 0.997928 -0.619031
-0.998944 0.997963 -0.597643
-0.998944 0.997999 -0.576254
-0.998944 0.998034 -0.554866
-0.998944 0.998069 -0.533478
-0.998944 0.998104 -0.512090
-0.998944 0.998139 -0.490701
-0.998944 0.998174 -0.469313
-0.998944 0.998209 -0.447925
-0.998944 0.998245 -0.426536
-0.998944 0.998280 -0.405148
-0.998944 0.998315 -0.383760
-0.998944 0.998350 -0.362371
-0.998944 0.998385 -0.340983
-0.998944 0.998420 -0.319595
-0.998944 0.998456 -0.298207
-0.998944 0.998491 -0.276818
-0.998944 0.998526 -0.255430
-0.998944 0.998561 -0.234042
-0.998944 0.998596 -0.212653
-0.998944 0.998631 -0.191265
-0.998944 0.998666 -0.169877
-0.998944 0.998702 -0.148489
-0.998944 0.998737 -0.127100
-0.998944 0.998772 -0.105712
-0.998944 0.998807 -0.084324
-0.998944 0.998842 -0.062935
-0.998944 0.998877 -0.041547
-0.998944 0.998912 -0.020159
-0.998944 0.998948 0.001229
-0.998944 0.998980 0.020634
-0.998944 0.999011 0.040038
-0.998944 0.999043 0.059442
-0.998944 0.999075 0.078847
-0.998944 0.999107 0.098251
-0.998944 0.999139 0.117655
-0.998944 0.999171 0.137060
-0.998944 0.999203 0.156464
-0.998944 0.999235 0.175868
-0.998944 0.999267 0.195272
-0.998944 0.999298 0.214677
-0.998944 0.999330 0.234081
-0.998944 0.999362 0.253485
-0.998944 0.999394 0.272890
-0.998944 0.999426 0.292294
-0.998944 0.999458 0.311698
-0.998944 0.999490 0.331102
-0.998944 0.999522 0.350507
-0.998944 0.999554 0.369911
-0.998944 0.999585 0.389315
-0.998944 0.999617 0.408720
-0.998944 0.999649 0.428124
-0.998944 0.999681 0.447528
-0.998944 0.999713 0.466933
-0.998944 0.999745 0.486337
-0.998944 0.999777 0.505741
-0.998944 0.999809 0.525145
-0.998944 0.999841 0.544550
-0.998944 0.999872 0.563954
-0.998944 0.999904 0.583358
-0.998944 0.999936 0.602763
-0.998944 0.999968 0.622167
-0.998944 1.000000 0.641571
-0.998944 1.000000 0.641571
-0.998944 1.000000 0.641571
-0.998944 1.000000 0.641571
-0.998944 1.000000 0.641571
-0.998944 1.000000 0.641571
-0.998944 1.000000 0.641571
-0.998944 1.000000 0.641571
-0.998944 1.000000 0.641571
-0.998944 1.000000 0.641571
-0.998944 1.000000 0.641571
-0.998944 1.000000 0.641571
-0.998944 1.000000 0.641571
-0.998944 1.000000 0.641571
-0.998944 1.000000 0.641571
-0.998944 1.000000 0.641571
-0.998944 1.000000 0.641571
-0.998944 1.000000 0.641571
-0.998944 1.000000 0.641571
-0.998944 1.000000 0.641571
-0.998944 1.000000 0.641571
-0.998944 1.000000 0.641571
-0.998944 1.000000 0.641571
-0.998944 1.000000 0.641571
-0.998944 1.000000 0.641571
-0.998944 1.000000 0.641571
-0.998944 1.000000 0.641571
-0.998944 1.000000 0.641571
-0.998944 1.000000 0.641571
-0.998944 1.000000 0.641571
-0.998944 1.000000 0.641571
-0.998944 1.000000 0.641571
-0.998944 1.000000 0.641571
-0.998944 1.000000 0.641571
-0.998944 1.000000 0.641571
-0.998944 1.000000 0.641571
-0.998944 1.000000 0.641571
-0.998944 1.000000 0.641571
-0.998944 1.000000 0.641571
-0.998944 1.000000 0.641571
-0.998944 1.000000 0.641571
-0.998944 1.000000 0.641571
-0.998944 1.000000 0.641571
-0.998944 1.000000 0.641571
-0.998944 1.000000 0.641571
-0.998944 1.000000 0.641571
-0.998944 1.000000 0.641571
-0.998944 1.000000 0.641571
-0.998944 1.000000 0.641571
-0.998944 1.000000 0.641571
-0.998944 1.000000 0.641571
-0.998944 1.000000 0.641571
-0.998944 1.000000 0.641571
-0.998944 1.000000 0.641571
-0.998944 1.000000 0.641571
-0.998944 1.000000 0.641571
-0.998944 1.000000 0.641571
-0.998944 1.000000 0.641571
-0.998944 1.000000 0.641571
-0.998944 1.000000 0.641571
-0.998944 1.000000 0.641571
-0.998944 1.000000 0.641571
-0.998944 1.000000 0.641571
-0.998944 1.000000 0.641571
-0.998944 1.000000 0.641571
-0.998944 1.000000 0.641571
-0.998944 1.000000 0.641571
-0.998944 1.000000 0.641571
-0.998944 1.000000 0.641571
-0.998944 1.000000 0.641571
-0.998944 1.000000 0.641571
-0.998944 1.000000 0.641571
-0.998944 1.000000 0.641571
-0.998944 1.000000 0.641571
-0.998944 1.000000 0.641571
-0.998944 1.000000 0.641571
-0.998944 1.000000 0.641571
-0.998944 1.000000 0.641571
-0.998944 1.000000 0.641571
-0.998944 1.000000 0.641571
-0.998944 1.000000 0.641571
-0.998944 1.000000 0.641571
-0.998944 1.000000 0.641571
-0.998944 1.000000 0.641571
-0.998944 1.000000 0.641571
-0.998944 1.000000 0.641571
-0.998944 1.000000 0.641571
-0.998944 1.000000 0.641571
-0.998944 1.000000 0.641571
-0.998944 1.000000 0.641571
-0.998944 1.000000 0.641571
-0.998944 1.000000 0.641571
-0.998944 1.000000 0.641571
-0.998944 1.000000 0.641571
-0.998944 1.000000 0.641571
-0.998944 1.000000 0.641571
-0.998944 1.000000 0.641571
-0.998944 1.000000 0.641571
-0.998944 1.000000 0.641571
-0.998944 1.000000 0.641571
-0.998944 1.000000 0.641571
-0.998944 1.000000 0.641571
-0.998944 1.000000 0.641571
-0.998944 1.000000 0.641571
-0.998944 1.000000 0.641571
-0.998944 1.000000 0.641571
-0.998944 1.000000 0.641571
-0.998944 1.000000 0.641571
-0.998944 1.000000 0.641571
-0.998944 1.000000 0.641571
-0.998944 1.000000 0.641571
-0.998944 1.000000 0.641571
-0.998944 1.000000 0.641571
-0.998944 1.000000 0.641571
-0.998944 1.000000 0.641571
-0.998944 1.000000 0.641571
-0.998944 1.000000 0.641571
-0.998944 1.000000 0.641571
-0.998944 1.000000 0.641571
-0.998944 1.000000 0.641571
-0.998944 1.000000 0.641571
-0.998944 1.000000 0.641571
-0.968673 0.969729 0.641534
-0.938402 0.939458 0.641497
-0.908131 0.909187 0.641459
-0.877860 0.878915 0.641422
-0.847589 0.848644 0.641385
-0.817318 0.818373 0.641348
-0.787047 0.788102 0.641310
-0.756776 0.757831 0.641273
-0.726505 0.727560 0.641236
-0.696234 0.697289 0.641199
-0.665963 0.667017 0.641161
-0.635692 0.636746 0.641124
-0.605421 0.606475 0.641087
-0.575150 0.576204 0.641050
-0.544879 0.545933 0.641012
-0.514608 0.515662 0.640975
-0.484337 0.485391 0.640938
-0.454066 0.455119 0.640901
-0.423795 0.424848 0.640863
-0.393524 0.394577 0.640826
-0.363252 0.364306 0.640789
-0.332981 0.334035 0.640752
-0.302710 0.303764 0.640714
-0.272439 0.273493 0.640677
-0.242168 0.243221 0.640640
-0.211897 0.212950 0.640603
-0.181626 0.182679 0.640565
-0.151355 0.152408 0.640528
-0.121084 0.122137 0.640491
-0.090813 0.091866 0.640454
-0.060542 0.061595 0.640416
-0.030271 0.031323 0.640379
0.000000 0.001052 0.640342
0.030271 -0.029219 0.640304
0.060542 -0.059490 0.640267
0.090813 -0.089761 0.640230
0.121084 -0.120032 0.640193
0.151355 -0.150303 0.640155
0.181626 -0.180574 0.640118
0.211897 -0.210846 0.640081
0.242168 -0.241117 0.640044
0.272439 -0.271388 0.640006
0.302710 -0.301659 0.639969
0.332981 -0.331930 0.639932
0.363252 -0.362201 0.639895
0.393524 -0.392472 0.639857
0.423795 -0.422744 0.639820
0.454066 -0.453015 0.639783
0.484337 -0.483286 0.639746
0.514608 -0.513557 0.639708
0.544879 -0.543828 0.639671
0.575150 -0.574099 0.639634
0.605421 -0.604370 0.639597
0.635692 -0.634642 0.639559
0.665963 -0.664913 0.639522
0.696234 -0.695184 0.639485
0.726505 -0.725455 0.639448
0.756776 -0.755726 0.639410
0.787047 -0.785997 0.639373
0.817318 -0.816268 0.639336
0.847589 -0.846540 0.639299
0.877860 -0.876811 0.639261
0.908131 -0.907082 0.639224
0.938402 -0.937353 0.639187
0.968673 -0.967624 0.639150
0.998944 -0.997895 0.639112
0.998944 -0.997895 0.639112
0.998944 -0.997895 0.639112
0.998944 -0.997895 0.639112
0.998944 -0.997895 0.639112
0.998944 -0.997895 0.639112
0.998944 -0.997895 0.639112
0.998944 -0.997895 0.639112
0.998944 -0.997895 0.639112
0.998944 -0.997895 0.639112
0.998944 -0.997895 0.639112
0.998944 -0.997895 0.639112
0.998944 -0.997895 0.639112
0.998944 -0.997895 0.639112
0.998944 -0.997895 0.639112
0.998944 -0.997895 0.639112
0.998944 -0.997895 0.639112
0.998944 -0.997895 0.639112
0.998944 -0.997895 0.639112
0.998944 -0.997895 0.639112
0.998944 -0.997895 0.639112
0.998944 -0.997895 0.639112
0.998944 -0.997895 0.639112
0.998944 -0.997895 0.639112
0.998944 -0.997895 0.639112
0.998944 -0.997895 0.639112
0.998944 -0.997895 0.639112
0.998944 -0.997895 0.639112
0.998944 -0.997895 0.639112
0.998944 -0.997895 0.639112
0.998944 -0.997895 0.639112
0.998944 -0.997895 0.639112
0.998944 -0.997895 0.639112
0.998944 -0.997895 0.639112
0.998944 -0.997895 0.639112
0.998944 -0.997895 0.639112
0.998944 -0.997895 0.639112
0.998944 -0.997895 0.639112
0.998944 -0.997895 0.639112
0.998944 -0.997895 0.639112
0.998944 -0.997895 0.639112
0.998944 -0.997895 0.639112
0.998944 -0.997895 0.639112
0.998944 -0.997895 0.639112
0.998944 -0.997895 0.639112
0.998944 -0.997895 0.639112
0.998944 -0.997895 0.639112
0.998944 -0.997895 0.639112
0.998944 -0.997895 0.639112
0.998944 -0.997895 0.639112
0.998944 -0.997895 0.639112
0.998944 -0.997895 0.639112
0.998944 -0.997895 0.639112
0.998944 -0.997895 0.639112
0.998944 -0.997895 0.639112
0.998944 -0.997895 0.639112
0.998944 -0.997895 0.639112
0.998944 -0.997895 0.639112
0.998944 -0.997895 0.639112
0.998944 -0.997895 0.639112
0.998944 -0.997895 0.639112
0.998944 -0.997895 0.639112
0.998944 -0.997895 0.639112
0.998944 -0.997895 0.639112
0.998944 -0.997895 0.639112
0.998944 -0.997895 0.639112
0.998944 -0.997895 0.639112
0.998944 -0.997895 0.639112
0.998944 -0.997895 0.639112
0.998944 -0.997895 0.639112
0.998944 -0.997895 0.639112
0.998944 -0.997895 0.639112
0.998944 -0.997895 0.639112
0.998944 -0.997895 0.639112
0.998944 -0.997895 0.639112
0.998944 -0.997895 0.639112
0.998944 -0.997895 0.639112
0.998944 -0.997895 0.639112
0.998944 -0.997895 0.639112
0.998944 -0.997895 0.639112
0.998944 -0.997895 0.639112
0.998944 -0.997895 0.639112
0.998944 -0.997895 0.639112
0.998944 -0.997895 0.639112
0.998944 -0.997895 0.639112
0.998944 -0.997895 0.639112
0.998944 -0.997895 0.639112
0.998944 -0.997895 0.639112
0.998944 -0.997895 0.639112
0.998944 -0.997895 0.639112
0.998944 -0.997895 0.639112
0.998944 -0.997895 0.639112
0.998944 -0.997895 0.639112
0.998944 -0.997895 0.639112
0.998944 -0.997895 0.639112
0.998944 -0.997895 0.639112
0.998944 -0.997895 0.639112
0.998944 -0.997895 0.639112
0.998944 -0.997895 0.639112
0.998944 -0.997895 0.639112
0.998944 -0.997895 0.639112
0.998944 -0.997895 0.639112
0.998944 -0.997895 0.639112
0.998944 -0.997895 0.639112
0.998944 -0.997895 0.639112
0.998944 -0.997895 0.639112
0.998944 -0.997895 0.639112
0.998944 -0.997895 0.639112
0.998944 -0.997895 0.639112
0.998944 -0.997895 0.639112
0.998944 -0.997895 0.639112
0.998944 -0.997895 0.639112
0.998944 -0.997895 0.639112
0.998944 -0.997895 0.639112
0.998944 -0.997895 0.639112
0.998944 -0.997895 0.639112
0.998944 -0.997895 0.639112
0.998944 -0.997895 0.639112
0.998944 -0.997895 0.639112
0.998944 -0.997895 0.639112
0.998944 -0.997895 0.639112
0.998944 -0.997895 0.639112
0.998944 -0.997895 0.639112
0.998944 -0.997927 0.619708
0.998944 -0.997959 0.600304
0.998944 -0.997991 0.580899
0.998944 -0.998023 0.561495
0.998944 -0.998055 0.542091
0.998944 -0.998087 0.522687
0.998944 -0.998119 0.503282
0.998944 -0.998150 0.483878
0.998944 -0.998182 0.464474
0.998944 -0.998214 0.445069
0.998944 -0.998246 0.425665
0.998944 -0.998278 0.406261
0.998944 -0.998310 0.386856
0.998944 -0.998342 0.367452
0.998944 -0.998374 0.348048
0.998944 -0.998406 0.328644
0.998944 -0.998437 0.309239
0.998944 -0.998469 0.289835
0.998944 -0.998501 0.270431
0.998944 -0.998533 0.251026
0.998944 -0.998565 0.231622
0.998944 -0.998597 0.212218
0.998944 -0.998629 0.192814
0.998944 -0.998661 0.173409
0.998944 -0.998693 0.154005
0.998944 -0.998724 0.134601
0.998944 -0.998756 0.115196
0.998944 -0.998788 0.095792
0.998944 -0.998820 0.076388
0.998944 -0.998852 0.056983
0.998944 -0.998884 0.037579
0.998944 -0.998916 0.018175
0.998944 -0.998948 -0.001229
0.998944 -0.998983 -0.022795
0.998944 -0.999019 -0.044360
0.998944 -0.999054 -0.065926
0.998944 -0.999089 -0.087491
0.998944 -0.999125 -0.109057
0.998944 -0.999160 -0.130622
0.998944 -0.999196 -0.152188
0.998944 -0.999231 -0.173753
0.998944 -0.999267 -0.195319
0.998944 -0.999302 -0.216884
0.998944 -0.999337 -0.238450
0.998944 -0.999373 -0.260015
0.998944 -0.999408 -0.281581
0.998944 -0.999444 -0.303146
0.998944 -0.999479 -0.324712
0.998944 -0.999515 -0.346277
0.998944 -0.999550 -0.367843
0.998944 -0.999586 -0.389408
0.998944 -0.999621 -0.410974
0.998944 -0.999656 -0.432539
0.998944 -0.999692 -0.454105
0.998944 -0.999727 -0.475670
0.998944 -0.999763 -0.497235
0.998944 -0.999798 -0.518801
0.998944 -0.999834 -0.540366
0.998944 -0.999869 -0.561932
0.998944 -0.999905 -0.583497
0.998944 -0.999940 -0.605063
0.998944 -0.999975 -0.626628
0.968673 -0.969740 -0.648157
0.938402 -0.939504 -0.669685
0.908131 -0.909268 -0.691213
0.877860 -0.879033 -0.712741
0.847589 -0.848762 -0.712704
0.817318 -0.818490 -0.712667
0.787047 -0.788219 -0.712629
0.756776 -0.757948 -0.712592
0.726505 -0.727677 -0.712555
0.696234 -0.697406 -0.712518
0.665963 -0.667135 -0.712480
0.635692 -0.636864 -0.712443
0.605421 -0.606592 -0.712406
0.575150 -0.576321 -0.712369
0.544879 -0.546050 -0.712331
0.514608 -0.515779 -0.712294
0.484337 -0.485508 -0.712257
0.454066 -0.455237 -0.712220
0.423795 -0.424966 -0.712182
0.393524 -0.394694 -0.712145
0.363252 -0.364423 -0.712108
0.332981 -0.334152 -0.712071
0.302710 -0.303881 -0.712033
0.272439 -0.273610 -0.711996
0.242168 -0.243339 -0.711959
0.211897 -0.213068 -0.711922
0.181626 -0.182796 -0.711884
0.151355 -0.152525 -0.711847
0.121084 -0.122254 -0.711810
0.090813 -0.091983 -0.711773
0.060542 -0.061712 -0.711735
0.030271 -0.031441 -0.711698
-0.000000 -0.001170 -0.711661
-0.028560 0.027391 -0.711626
-0.057120 0.055951 -0.711591
-0.085680 0.084511 -0.711555
-0.114240 0.113071 -0.711520
-0.142800 0.141631 -0.711485
-0.171360 0.170191 -0.711450
-0.199920 0.198752 -0.711415
-0.228481 0.227312 -0.711380
-0.257041 0.255872 -0.711344
-0.285601 0.284432 -0.711309
-0.314161 0.312992 -0.711274
-0.342721 0.341552 -0.711239
-0.371281 0.370113 -0.711204
-0.399841 0.398673 -0.711169
-0.428401 0.427233 -0.711134
-0.456961 0.455793 -0.711098
-0.485521 0.484353 -0.711063
-0.514081 0.512913 -0.711028
-0.542641 0.541474 -0.710993
-0.571201 0.570034 -0.710958
-0.599761 0.598594 -0.710923
-0.628321 0.627154 -0.710888
-0.656882 0.655714 -0.710852
-0.685442 0.684274 -0.710817
-0.714002 0.712835 -0.710782
-0.742562 0.741395 -0.710747
-0.771122 0.769955 -0.710712
-0.799682 0.798515 -0.710677
-0.828242 0.827075 -0.710641
-0.856802 0.855635 -0.710606
-0.885362 0.884195 -0.710571
-0.913922 0.912756 -0.710536
-0.942482 0.941316 -0.710501
-0.942482 0.941316 -0.710501
-0.942482 0.941316 -0.710501
-0.942482 0.941316 -0.710501
-0.942482 0.941316 -0.710501
-0.942482 0.941316 -0.710501
-0.942482 0.941316 -0.710501
-0.942482 0.941316 -0.710501
-0.942482 0.941316 -0.710501
-0.942482 0.941316 -0.710501
-0.942482 0.941316 -0.710501
-0.942482 0.941316 -0.710501
-0.942482 0.941316 -0.710501
-0.942482 0.941316 -0.710501
-0.942482 0.941316 -0.710501
-0.942482 0.941316 -0.710501
-0.942482 0.941316 -0.710501
-0.942482 0.941316 -0.710501
-0.942482 0.941316 -0.710501
-0.942482 0.941316 -0.710501
-0.942482 0.941316 -0.710501
-0.942482 0.941316 -0.710501
-0.942482 0.941316 -0.710501
-0.942482 0.941316 -0.710501
-0.942482 0.941316 -0.710501
-0.942482 0.941316 -0.710501
-0.942482 0.941316 -0.710501
-0.942482 0.941316 -0.710501
-0.942482 0.941316 -0.710501
-0.942482 0.941316 -0.710501
-0.942482 0.941316 -0.710501
-0.942482 0.941316 -0.710501
-0.942482 0.941316 -0.710501
-0.942482 0.941316 -0.710501
-0.942482 0.941316 -0.710501
-0.942482 0.941316 -0.710501
-0.942482 0.941316 -0.710501
-0.942482 0.941316 -0.710501
-0.942482 0.941316 -0.710501
-0.942482 0.941316 -0.710501
-0.942482 0.941316 -0.710501
-0.942482 0.941316 -0.710501
-0.942482 0.941316 -0.710501
-0.942482 0.941316 -0.710501
-0.942482 0.941316 -0.710501
-0.942482 0.941316 -0.710501
-0.942482 0.941316 -0.710501
-0.942482 0.941316 -0.710501
-0.942482 0.941316 -0.710501
-0.942482 0.941316 -0.710501
-0.942482 0.941316 -0.710501
-0.942482 0.941316 -0.710501
-0.942482 0.941316 -0.710501
-0.942482 0.941316 -0.710501
-0.942482 0.941316 -0.710501
-0.942482 0.941316 -0.710501
-0.942482 0.941316 -0.710501
-0.942482 0.941316 -0.710501
-0.942482 0.941316 -0.710501
-0.942482 0.941316 -0.710501
-0.913922 0.912791 -0.688971
-0.885362 0.884266 -0.667440
-0.856802 0.855742 -0.645910
-0.828242 0.827217 -0.624380
-0.799682 0.798692 -0.602849
-0.771122 0.770167 -0.581319
-0.742562 0.741643 -0.559789
-0.714002 0.713118 -0.538258
-0.685442 0.684593 -0.516728
-0.656882 0.656069 -0.495198
-0.628321 0.627544 -0.473667
-0.599761 0.599019 -0.452137
-0.571201 0.570494 -0.430607
-0.542641 0.541970 -0.409076
-0.514081 0.513445 -0.387546
-0.485521 0.484920 -0.366016
-0.456961 0.456396 -0.344485
-0.428401 0.427871 -0.322955
-0.399841 0.399346 -0.301425
-0.371281 0.370821 -0.279894
-0.342721 0.342297 -0.258364
-0.314161 0.313772 -0.236834
-0.285601 0.285247 -0.215303
-0.257041 0.256722 -0.193773
-0.228481 0.228198 -0.172243
-0.199920 0.199673 -0.150712
-0.171360 0.171148 -0.129182
-0.142800 0.142624 -0.107652
-0.114240 0.114099 -0.086121
-0.085680 0.085574 -0.064591
-0.057120 0.057049 -0.043061
-0.028560 0.028525 -0.021530
0.000000 0.000000 0.000000
