    1702
0.000000 0.000000 0.000000
0.030042 0.030031 0.014139
0.060085 0.060061 0.028277
0.090127 0.090092 0.042416
0.120169 0.120122 0.056554
0.150212 0.150153 0.070693
0.180254 0.180183 0.084831
0.210296 0.210214 0.098970
0.240339 0.240245 0.113108
0.270381 0.270275 0.127247
0.300423 0.300306 0.141386
0.330466 0.330336 0.155524
0.360508 0.360367 0.169663
0.390550 0.390397 0.183801
0.420593 0.420428 0.197940
0.450635 0.450458 0.212078
0.480677 0.480489 0.226217
0.510720 0.510520 0.240356
0.540762 0.540550 0.254494
0.570804 0.570581 0.268633
0.600847 0.600611 0.282771
0.630889 0.630642 0.296910
0.660931 0.660672 0.311048
0.690974 0.690703 0.325187
0.721016 0.720734 0.339325
0.751058 0.750764 0.353464
0.781101 0.780795 0.367603
0.811143 0.810825 0.381741
0.841185 0.840856 0.395880
0.871228 0.870886 0.410018
0.901270 0.900917 0.424157
0.931312 0.930947 0.438295
0.961355 0.960978 0.452434
0.991397 0.991009 0.466572
0.991397 0.991009 0.466572
0.991397 0.991009 0.466572
0.991397 0.991009 0.466572
0.991397 0.991009 0.466572
0.991397 0.991009 0.466572
0.991397 0.991009 0.466572
0.991397 0.991009 0.466572
0.991397 0.991009 0.466572
0.991397 0.991009 0.466572
0.991397 0.991009 0.466572
0.991397 0.991009 0.466572
0.991397 0.991009 0.466572
0.991397 0.991009 0.466572
0.991397 0.991009 0.466572
0.991397 0.991009 0.466572
0.991397 0.991009 0.466572
0.991397 0.991009 0.466572
0.991397 0.991009 0.466572
0.991397 0.991009 0.466572
0.991397 0.991009 0.466572
0.991397 0.991009 0.466572
0.991397 0.991009 0.466572
0.991397 0.991009 0.466572
0.991397 0.991009 0.466572
0.991397 0.991009 0.466572
0.991397 0.991009 0.466572
0.991397 0.991009 0.466572
0.991397 0.991009 0.466572
0.991397 0.991009 0.466572
0.991397 0.991009 0.466572
0.991397 0.991009 0.466572
0.991397 0.991009 0.466572
0.991397 0.991009 0.466572
0.991397 0.991009 0.466572
0.991397 0.991009 0.466572
0.991397 0.991009 0.466572
0.991397 0.991009 0.466572
0.991397 0.991009 0.466572
0.991397 0.991009 0.466572
0.991397 0.991009 0.466572
0.991397 0.991009 0.466572
0.991397 0.991009 0.466572
0.991397 0.991009 0.466572
0.991397 0.991009 0.466572
0.991397 0.991009 0.466572
0.991397 0.991009 0.466572
0.991397 0.991009 0.466572
0.991397 0.991009 0.466572
0.991397 0.991009 0.466572
0.991397 0.991009 0.466572
0.991397 0.991009 0.466572
0.991397 0.991009 0.466572
0.991397 0.991009 0.466572
0.991397 0.991009 0.466572
0.991397 0.991009 0.466572
0.991397 0.991009 0.466572
0.991397 0.991009 0.466572
0.991397 0.991009 0.466572
0.991397 0.991009 0.466572
0.991397 0.991009 0.466572
0.991397 0.991009 0.466572
0.991397 0.991009 0.466572
0.991397 0.991009 0.466572
0.991397 0.991009 0.466572
0.991397 0.991009 0.466572
0.991397 0.991009 0.466572
0.991397 0.991009 0.466572
0.991397 0.991009 0.466572
0.991397 0.991009 0.466572
0.991397 0.991009 0.466572
0.991397 0.991009 0.466572
0.991397 0.991009 0.466572
0.991397 0.991009 0.466572
0.991397 0.991009 0.466572
0.991397 0.991009 0.466572
0.991397 0.991009 0.466572
0.991397 0.991009 0.466572
0.991397 0.991009 0.466572
0.991397 0.991009 0.466572
0.991397 0.991009 0.466572
0.991397 0.991009 0.466572
0.991397 0.991009 0.466572
0.991397 0.991009 0.466572
0.991397 0.991009 0.466572
0.991397 0.991009 0.466572
0.991397 0.991009 0.466572
0.991397 0.991009 0.466572
0.991397 0.991009 0.466572
0.991397 0.991009 0.466572
0.991397 0.991009 0.466572
0.991397 0.991009 0.466572
0.991397 0.991009 0.466572
0.991397 0.991009 0.466572
0.991397 0.991009 0.466572
0.991397 0.991009 0.466572
0.991397 0.991009 0.466572
0.991397 0.991009 0.466572
0.991397 0.991009 0.466572
0.991397 0.991009 0.466572
0.991397 0.991009 0.466572
0.991397 0.991009 0.466572
0.991397 0.991009 0.466572
0.991397 0.991009 0.466572
0.991397 0.991009 0.466572
0.991397 0.991009 0.466572
0.991397 0.991009 0.466572
0.991397 0.991009 0.466572
0.991397 0.991009 0.466572
0.991397 0.991009 0.466572
0.991397 0.991009 0.466572
0.991397 0.991009 0.466572
0.991397 0.991009 0.466572
0.991397 0.991009 0.466572
0.991397 0.991009 0.466572
0.991397 0.991009 0.466572
0.991397 0.991009 0.466572
0.991397 0.991009 0.466572
0.991397 0.991009 0.466572
0.991397 0.991009 0.466572
0.991397 0.991009 0.466572
0.991397 0.991009 0.466572
0.991397 0.991009 0.466572
0.961355 0.960966 0.466584
0.931312 0.930924 0.466596
0.901270 0.900882 0.466608
0.871228 0.870839 0.466620
0.841185 0.840797 0.466631
0.811143 0.810754 0.466643
0.781101 0.780712 0.466655
0.751058 0.750670 0.466667
0.721016 0.720627 0.466679
0.690974 0.690585 0.466690
0.660931 0.660543 0.466702
0.630889 0.630500 0.466714
0.600847 0.600458 0.466726
0.570804 0.570416 0.466738
0.540762 0.540373 0.466749
0.510720 0.510331 0.466761
0.480677 0.480289 0.466773
0.450635 0.450246 0.466785
0.420593 0.420204 0.466797
0.390550 0.390161 0.466808
0.360508 0.360119 0.466820
0.330466 0.330077 0.466832
0.300423 0.300034 0.466844
0.270381 0.269992 0.466856
0.240339 0.239950 0.466867
0.210296 0.209907 0.466879
0.180254 0.179865 0.466891
0.150212 0.149823 0.466903
0.120169 0.119780 0.466914
0.090127 0.089738 0.466926
0.060085 0.059696 0.466938
0.030042 0.029653 0.466950
-0.000000 -0.000389 0.466962
-0.027256 -0.027645 0.466972
-0.054511 -0.054900 0.466983
-0.081767 -0.082156 0.466994
-0.109022 -0.109412 0.467004
-0.136278 -0.136667 0.467015
-0.163533 -0.163923 0.467026
-0.190789 -0.191178 0.467037
-0.218045 -0.218434 0.467047
-0.245300 -0.245690 0.467058
-0.272556 -0.272945 0.467069
-0.299811 -0.300201 0.467079
-0.327067 -0.327456 0.467090
-0.354323 -0.354712 0.467101
-0.381578 -0.381968 0.467111
-0.408834 -0.409223 0.467122
-0.436089 -0.436479 0.467133
-0.463345 -0.463734 0.467143
-0.490600 -0.490990 0.467154
-0.517856 -0.518246 0.467165
-0.545112 -0.545501 0.467176
-0.572367 -0.572757 0.467186
-0.599623 -0.600012 0.467197
-0.626878 -0.627268 0.467208
-0.654134 -0.654524 0.467218
-0.681390 -0.681779 0.467229
-0.708645 -0.709035 0.467240
-0.735901 -0.736290 0.467250
-0.763156 -0.763546 0.467261
-0.790412 -0.790802 0.467272
-0.817667 -0.818057 0.467283
-0.844923 -0.845313 0.467293
-0.872179 -0.872568 0.467304
-0.899434 -0.899824 0.467315
-0.899434 -0.899824 0.467315
-0.899434 -0.899824 0.467315
-0.899434 -0.899824 0.467315
-0.899434 -0.899824 0.467315
-0.899434 -0.899824 0.467315
-0.899434 -0.899824 0.467315
-0.899434 -0.899824 0.467315
-0.899434 -0.899824 0.467315
-0.899434 -0.899824 0.467315
-0.899434 -0.899824 0.467315
-0.899434 -0.899824 0.467315
-0.899434 -0.899824 0.467315
-0.899434 -0.899824 0.467315
-0.899434 -0.899824 0.467315
-0.899434 -0.899824 0.467315
-0.899434 -0.899824 0.467315
-0.899434 -0.899824 0.467315
-0.899434 -0.899824 0.467315
-0.899434 -0.899824 0.467315
-0.899434 -0.899824 0.467315
-0.899434 -0.899824 0.467315
-0.899434 -0.899824 0.467315
-0.899434 -0.899824 0.467315
-0.899434 -0.899824 0.467315
-0.899434 -0.899824 0.467315
-0.899434 -0.899824 0.467315
-0.899434 -0.899824 0.467315
-0.899434 -0.899824 0.467315
-0.899434 -0.899824 0.467315
-0.899434 -0.899824 0.467315
-0.899434 -0.899824 0.467315
-0.899434 -0.899824 0.467315
-0.899434 -0.899824 0.467315
-0.899434 -0.899824 0.467315
-0.899434 -0.899824 0.467315
-0.899434 -0.899824 0.467315
-0.899434 -0.899824 0.467315
-0.899434 -0.899824 0.467315
-0.899434 -0.899824 0.467315
-0.899434 -0.899824 0.467315
-0.899434 -0.899824 0.467315
-0.899434 -0.899824 0.467315
-0.899434 -0.899824 0.467315
-0.899434 -0.899824 0.467315
-0.899434 -0.899824 0.467315
-0.899434 -0.899824 0.467315
-0.899434 -0.899824 0.467315
-0.899434 -0.899824 0.467315
-0.899434 -0.899824 0.467315
-0.899434 -0.899824 0.467315
-0.899434 -0.899824 0.467315
-0.899434 -0.899824 0.467315
-0.899434 -0.899824 0.467315
-0.899434 -0.899824 0.467315
-0.899434 -0.899824 0.467315
-0.899434 -0.899824 0.467315
-0.899434 -0.899824 0.467315
-0.899434 -0.899824 0.467315
-0.899434 -0.899824 0.467315
-0.899434 -0.899824 0.467315
-0.899434 -0.899824 0.467315
-0.899434 -0.899824 0.467315
-0.899434 -0.899824 0.467315
-0.899434 -0.899824 0.467315
-0.899434 -0.899824 0.467315
-0.899434 -0.899824 0.467315
-0.899434 -0.899824 0.467315
-0.899434 -0.899824 0.467315
-0.899434 -0.899824 0.467315
-0.899434 -0.899824 0.467315
-0.899434 -0.899824 0.467315
-0.899434 -0.899824 0.467315
-0.899434 -0.899824 0.467315
-0.899434 -0.899824 0.467315
-0.899434 -0.899824 0.467315
-0.899434 -0.899824 0.467315
-0.899434 -0.899824 0.467315
-0.899434 -0.899824 0.467315
-0.899434 -0.899824 0.467315
-0.899434 -0.899824 0.467315
-0.899434 -0.899824 0.467315
-0.899434 -0.899824 0.467315
-0.899434 -0.899824 0.467315
-0.899434 -0.899824 0.467315
-0.899434 -0.899824 0.467315
-0.899434 -0.899824 0.467315
-0.899434 -0.899824 0.467315
-0.899434 -0.899824 0.467315
-0.899434 -0.899824 0.467315
-0.899434 -0.899824 0.467315
-0.899434 -0.899824 0.467315
-0.899434 -0.899824 0.467315
-0.899434 -0.899824 0.467315
-0.899434 -0.899824 0.467315
-0.899434 -0.899824 0.467315
-0.899434 -0.899824 0.467315
-0.899434 -0.899824 0.467315
-0.899434 -0.899824 0.467315
-0.899434 -0.899824 0.467315
-0.899434 -0.899824 0.467315
-0.899434 -0.899824 0.467315
-0.899434 -0.899824 0.467315
-0.899434 -0.899824 0.467315
-0.899434 -0.899824 0.467315
-0.899434 -0.899824 0.467315
-0.899434 -0.899824 0.467315
-0.899434 -0.899824 0.467315
-0.899434 -0.899824 0.467315
-0.899434 -0.899824 0.467315
-0.899434 -0.899824 0.467315
-0.899434 -0.899824 0.467315
-0.899434 -0.899824 0.467315
-0.899434 -0.899824 0.467315
-0.899434 -0.899824 0.467315
-0.899434 -0.899824 0.467315
-0.899434 -0.899824 0.467315
-0.899434 -0.899824 0.467315
-0.899434 -0.899824 0.467315
-0.899434 -0.899824 0.467315
-0.899434 -0.899824 0.467315
-0.899434 -0.899824 0.467315
-0.899434 -0.899812 0.453164
-0.899434 -0.899800 0.439014
-0.899434 -0.899789 0.424864
-0.899434 -0.899777 0.410713
-0.899434 -0.899765 0.396563
-0.899434 -0.899753 0.382413
-0.899434 -0.899741 0.368262
-0.899434 -0.899730 0.354112
-0.899434 -0.899718 0.339961
-0.899434 -0.899706 0.325811
-0.899434 -0.899694 0.311661
-0.899434 -0.899682 0.297510
-0.899434 -0.899671 0.283360
-0.899434 -0.899659 0.269210
-0.899434 -0.899647 0.255059
-0.899434 -0.899635 0.240909
-0.899434 -0.899624 0.226759
-0.899434 -0.899612 0.212608
-0.899434 -0.899600 0.198458
-0.899434 -0.899588 0.184308
-0.899434 -0.899576 0.170157
-0.899434 -0.899565 0.156007
-0.899434 -0.899553 0.141857
-0.899434 -0.899541 0.127706
-0.899434 -0.899529 0.113556
-0.899434 -0.899517 0.099406
-0.899434 -0.899506 0.085255
-0.899434 -0.899494 0.071105
-0.899434 -0.899482 0.056954
-0.899434 -0.899470 0.042804
-0.899434 -0.899458 0.028654
-0.899434 -0.899447 0.014503
-0.899434 -0.899435 0.000353
-0.899434 -0.899423 -0.013797
-0.899434 -0.899411 -0.027948
-0.899434 -0.899399 -0.042098
-0.899434 -0.899388 -0.056248
-0.899434 -0.899376 -0.070399
-0.899434 -0.899364 -0.084549
-0.899434 -0.899352 -0.098699
-0.899434 -0.899341 -0.112850
-0.899434 -0.899329 -0.127000
-0.899434 -0.899317 -0.141150
-0.899434 -0.899305 -0.155301
-0.899434 -0.899293 -0.169451
-0.899434 -0.899282 -0.183602
-0.899434 -0.899270 -0.197752
-0.899434 -0.899258 -0.211902
-0.899434 -0.899246 -0.226053
-0.899434 -0.899234 -0.240203
-0.899434 -0.899223 -0.254353
-0.899434 -0.899211 -0.268504
-0.899434 -0.899199 -0.282654
-0.899434 -0.899187 -0.296804
-0.899434 -0.899175 -0.310955
-0.899434 -0.899164 -0.325105
-0.899434 -0.899152 -0.339255
-0.899434 -0.899140 -0.353406
-0.899434 -0.899128 -0.367556
-0.899434 -0.899116 -0.381706
-0.899434 -0.899105 -0.395857
-0.899434 -0.899093 -0.410007
-0.899434 -0.899081 -0.424158
-0.899434 -0.899069 -0.438308
-0.899434 -0.899057 -0.452458
-0.899434 -0.899046 -0.466609
-0.899434 -0.899046 -0.466609
-0.899434 -0.899046 -0.466609
-0.899434 -0.899046 -0.466609
-0.899434 -0.899046 -0.466609
-0.899434 -0.899046 -0.466609
-0.899434 -0.899046 -0.466609
-0.899434 -0.899046 -0.466609
-0.899434 -0.899046 -0.466609
-0.899434 -0.899046 -0.466609
-0.899434 -0.899046 -0.466609
-0.899434 -0.899046 -0.466609
-0.899434 -0.899046 -0.466609
-0.899434 -0.899046 -0.466609
-0.899434 -0.899046 -0.466609
-0.899434 -0.899046 -0.466609
-0.899434 -0.899046 -0.466609
-0.899434 -0.899046 -0.466609
-0.899434 -0.899046 -0.466609
-0.899434 -0.899046 -0.466609
-0.899434 -0.899046 -0.466609
-0.899434 -0.899046 -0.466609
-0.899434 -0.899046 -0.466609
-0.899434 -0.899046 -0.466609
-0.899434 -0.899046 -0.466609
-0.899434 -0.899046 -0.466609
-0.899434 -0.899046 -0.466609
-0.899434 -0.899046 -0.466609
-0.899434 -0.899046 -0.466609
-0.899434 -0.899046 -0.466609
-0.899434 -0.899046 -0.466609
-0.899434 -0.899046 -0.466609
-0.899434 -0.899046 -0.466609
-0.899434 -0.899046 -0.466609
-0.899434 -0.899046 -0.466609
-0.899434 -0.899046 -0.466609
-0.899434 -0.899046 -0.466609
-0.899434 -0.899046 -0.466609
-0.899434 -0.899046 -0.466609
-0.899434 -0.899046 -0.466609
-0.899434 -0.899046 -0.466609
-0.899434 -0.899046 -0.466609
-0.899434 -0.899046 -0.466609
-0.899434 -0.899046 -0.466609
-0.899434 -0.899046 -0.466609
-0.899434 -0.899046 -0.466609
-0.899434 -0.899046 -0.466609
-0.899434 -0.899046 -0.466609
-0.899434 -0.899046 -0.466609
-0.899434 -0.899046 -0.466609
-0.899434 -0.899046 -0.466609
-0.899434 -0.899046 -0.466609
-0.899434 -0.899046 -0.466609
-0.899434 -0.899046 -0.466609
-0.899434 -0.899046 -0.466609
-0.899434 -0.899046 -0.466609
-0.899434 -0.899046 -0.466609
-0.899434 -0.899046 -0.466609
-0.899434 -0.899046 -0.466609
-0.899434 -0.899046 -0.466609
-0.899434 -0.899046 -0.466609
-0.899434 -0.899046 -0.466609
-0.899434 -0.899046 -0.466609
-0.899434 -0.899046 -0.466609
-0.899434 -0.899046 -0.466609
-0.899434 -0.899046 -0.466609
-0.899434 -0.899046 -0.466609
-0.899434 -0.899046 -0.466609
-0.899434 -0.899046 -0.466609
-0.899434 -0.899046 -0.466609
-0.899434 -0.899046 -0.466609
-0.899434 -0.899046 -0.466609
-0.899434 -0.899046 -0.466609
-0.899434 -0.899046 -0.466609
-0.899434 -0.899046 -0.466609
-0.899434 -0.899046 -0.466609
-0.899434 -0.899046 -0.466609
-0.899434 -0.899046 -0.466609
-0.899434 -0.899046 -0.466609
-0.899434 -0.899046 -0.466609
-0.899434 -0.899046 -0.466609
-0.899434 -0.899046 -0.466609
-0.899434 -0.899046 -0.466609
-0.899434 -0.899046 -0.466609
-0.899434 -0.899046 -0.466609
-0.899434 -0.899046 -0.466609
-0.899434 -0.899046 -0.466609
-0.899434 -0.899046 -0.466609
-0.899434 -0.899046 -0.466609
-0.899434 -0.899046 -0.466609
-0.899434 -0.899046 -0.466609
-0.899434 -0.899046 -0.466609
-0.899434 -0.899046 -0.466609
-0.899434 -0.899046 -0.466609
-0.899434 -0.899046 -0.466609
-0.899434 -0.899046 -0.466609
-0.899434 -0.899046 -0.466609
-0.899434 -0.899046 -0.466609
-0.899434 -0.899046 -0.466609
-0.899434 -0.899046 -0.466609
-0.899434 -0.899046 -0.466609
-0.899434 -0.899046 -0.466609
-0.899434 -0.899046 -0.466609
-0.899434 -0.899046 -0.466609
-0.899434 -0.899046 -0.466609
-0.899434 -0.899046 -0.466609
-0.899434 -0.899046 -0.466609
-0.899434 -0.899046 -0.466609
-0.899434 -0.899046 -0.466609
-0.899434 -0.899046 -0.466609
-0.899434 -0.899046 -0.466609
-0.899434 -0.899046 -0.466609
-0.899434 -0.899046 -0.466609
-0.899434 -0.899046 -0.466609
-0.899434 -0.899046 -0.466609
-0.899434 -0.899046 -0.466609
-0.899434 -0.899046 -0.466609
-0.899434 -0.899046 -0.466609
-0.899434 -0.899046 -0.466609
-0.899434 -0.899046 -0.466609
-0.899434 -0.899046 -0.466609
-0.899434 -0.899046 -0.466609
-0.899434 -0.899046 -0.466609
-0.872179 -0.871790 -0.466619
-0.844923 -0.844535 -0.466630
-0.817667 -0.817279 -0.466641
-0.790412 -0.790023 -0.466651
-0.763156 -0.762768 -0.466662
-0.735901 -0.735512 -0.466673
-0.708645 -0.708256 -0.466683
-0.681390 -0.681001 -0.466694
-0.654134 -0.653745 -0.466705
-0.626878 -0.626490 -0.466716
-0.599623 -0.599234 -0.466726
-0.572367 -0.571978 -0.466737
-0.545112 -0.544723 -0.466748
-0.517856 -0.517467 -0.466758
-0.490600 -0.490212 -0.466769
-0.463345 -0.462956 -0.466780
-0.436089 -0.435700 -0.466790
-0.408834 -0.408445 -0.466801
-0.381578 -0.381189 -0.466812
-0.354323 -0.353934 -0.466823
-0.327067 -0.326678 -0.466833
-0.299811 -0.299422 -0.466844
-0.272556 -0.272167 -0.466855
-0.245300 -0.244911 -0.466865
-0.218045 -0.217656 -0.466876
-0.190789 -0.190400 -0.466887
-0.163533 -0.163144 -0.466897
-0.136278 -0.135889 -0.466908
-0.109022 -0.108633 -0.466919
-0.081767 -0.081378 -0.466930
-0.054511 -0.054122 -0.466940
-0.027256 -0.026866 -0.466951
0.000000 0.000389 -0.466962
0.030291 0.030680 -0.466974
0.060582 0.060972 -0.466985
0.090874 0.091263 -0.466997
0.121165 0.121554 -0.467009
0.151456 0.151845 -0.467021
0.181747 0.182137 -0.467033
0.212039 0.212428 -0.467045
0.242330 0.242719 -0.467057
0.272621 0.273010 -0.467069
0.302912 0.303302 -0.467081
0.333203 0.333593 -0.467092
0.363495 0.363884 -0.467104
0.393786 0.394175 -0.467116
0.424077 0.424466 -0.467128
0.454368 0.454758 -0.467140
0.484659 0.485049 -0.467152
0.514951 0.515340 -0.467164
0.545242 0.545631 -0.467176
0.575533 0.575923 -0.467188
0.605824 0.606214 -0.467199
0.636116 0.636505 -0.467211
0.666407 0.666796 -0.467223
0.696698 0.697088 -0.467235
0.726989 0.727379 -0.467247
0.757280 0.757670 -0.467259
0.787572 0.787961 -0.467271
0.817863 0.818253 -0.467283
0.848154 0.848544 -0.467295
0.878445 0.878835 -0.467306
0.908737 0.909126 -0.467318
0.939028 0.939418 -0.467330
0.969319 0.969709 -0.467342
0.999610 1.000000 -0.467354
0.999610 1.000000 -0.467354
0.999610 1.000000 -0.467354
0.999610 1.000000 -0.467354
0.999610 1.000000 -0.467354
0.999610 1.000000 -0.467354
0.999610 1.000000 -0.467354
0.999610 1.000000 -0.467354
0.999610 1.000000 -0.467354
0.999610 1.000000 -0.467354
0.999610 1.000000 -0.467354
0.999610 1.000000 -0.467354
0.999610 1.000000 -0.467354
0.999610 1.000000 -0.467354
0.999610 1.000000 -0.467354
0.999610 1.000000 -0.467354
0.999610 1.000000 -0.467354
0.999610 1.000000 -0.467354
0.999610 1.000000 -0.467354
0.999610 1.000000 -0.467354
0.999610 1.000000 -0.467354
0.999610 1.000000 -0.467354
0.999610 1.000000 -0.467354
0.999610 1.000000 -0.467354
0.999610 1.000000 -0.467354
0.999610 1.000000 -0.467354
0.999610 1.000000 -0.467354
0.999610 1.000000 -0.467354
0.999610 1.000000 -0.467354
0.999610 1.000000 -0.467354
0.999610 1.000000 -0.467354
0.999610 1.000000 -0.467354
0.999610 1.000000 -0.467354
0.999610 1.000000 -0.467354
0.999610 1.000000 -0.467354
0.999610 1.000000 -0.467354
0.999610 1.000000 -0.467354
0.999610 1.000000 -0.467354
0.999610 1.000000 -0.467354
0.999610 1.000000 -0.467354
0.999610 1.000000 -0.467354
0.999610 1.000000 -0.467354
0.999610 1.000000 -0.467354
0.999610 1.000000 -0.467354
0.999610 1.000000 -0.467354
0.999610 1.000000 -0.467354
0.999610 1.000000 -0.467354
0.999610 1.000000 -0.467354
0.999610 1.000000 -0.467354
0.999610 1.000000 -0.467354
0.999610 1.000000 -0.467354
0.999610 1.000000 -0.467354
0.999610 1.000000 -0.467354
0.999610 1.000000 -0.467354
0.999610 1.000000 -0.467354
0.999610 1.000000 -0.467354
0.999610 1.000000 -0.467354
0.999610 1.000000 -0.467354
0.999610 1.000000 -0.467354
0.999610 1.000000 -0.467354
0.999610 1.000000 -0.467354
0.999610 1.000000 -0.467354
0.999610 1.000000 -0.467354
0.999610 1.000000 -0.467354
0.999610 1.000000 -0.467354
0.999610 1.000000 -0.467354
0.999610 1.000000 -0.467354
0.999610 1.000000 -0.467354
0.999610 1.000000 -0.467354
0.999610 1.000000 -0.467354
0.999610 1.000000 -0.467354
0.999610 1.000000 -0.467354
0.999610 1.000000 -0.467354
0.999610 1.000000 -0.467354
0.999610 1.000000 -0.467354
0.999610 1.000000 -0.467354
0.999610 1.000000 -0.467354
0.999610 1.000000 -0.467354
0.999610 1.000000 -0.467354
0.999610 1.000000 -0.467354
0.999610 1.000000 -0.467354
0.999610 1.000000 -0.467354
0.999610 1.000000 -0.467354
0.999610 1.000000 -0.467354
0.999610 1.000000 -0.467354
0.999610 1.000000 -0.467354
0.999610 1.000000 -0.467354
0.999610 1.000000 -0.467354
0.999610 1.000000 -0.467354
0.999610 1.000000 -0.467354
0.999610 1.000000 -0.467354
0.999610 1.000000 -0.467354
0.999610 1.000000 -0.467354
0.999610 1.000000 -0.467354
0.999610 1.000000 -0.467354
0.999610 1.000000 -0.467354
0.999610 1.000000 -0.467354
0.999610 1.000000 -0.467354
0.999610 1.000000 -0.467354
0.999610 1.000000 -0.467354
0.999610 1.000000 -0.467354
0.999610 1.000000 -0.467354
0.999610 1.000000 -0.467354
0.999610 1.000000 -0.467354
0.999610 1.000000 -0.467354
0.999610 1.000000 -0.467354
0.999610 1.000000 -0.467354
0.999610 1.000000 -0.467354
0.999610 1.000000 -0.467354
0.999610 1.000000 -0.467354
0.999610 1.000000 -0.467354
0.999610 1.000000 -0.467354
0.999610 1.000000 -0.467354
0.999610 1.000000 -0.467354
0.999610 1.000000 -0.467354
0.999610 1.000000 -0.467354
0.999610 1.000000 -0.467354
0.999610 1.000000 -0.467354
0.999610 1.000000 -0.467354
0.999610 1.000000 -0.467354
0.999610 1.000000 -0.467354
0.999610 1.000000 -0.467354
0.969319 0.969697 -0.453192
0.939028 0.939394 -0.439030
0.908737 0.909091 -0.424867
0.878445 0.878788 -0.410705
0.848154 0.848485 -0.396543
0.817863 0.818182 -0.382381
0.787572 0.787879 -0.368218
0.757280 0.757576 -0.354056
0.726989 0.727273 -0.339894
0.696698 0.696970 -0.325732
0.666407 0.666667 -0.311569
0.636116 0.636364 -0.297407
0.605824 0.606061 -0.283245
0.575533 0.575758 -0.269083
0.545242 0.545455 -0.254920
0.514951 0.515152 -0.240758
0.484659 0.484848 -0.226596
0.454368 0.454545 -0.212434
0.424077 0.424242 -0.198271
0.393786 0.393939 -0.184109
0.363495 0.363636 -0.169947
0.333203 0.333333 -0.155785
0.302912 0.303030 -0.141622
0.272621 0.272727 -0.127460
0.242330 0.242424 -0.113298
0.212039 0.212121 -0.099136
0.181747 0.181818 -0.084973
0.151456 0.151515 -0.070811
0.121165 0.121212 -0.056649
0.090874 0.090909 -0.042487
0.060582 0.060606 -0.028324
0.030291 0.030303 -0.014162
0.000000 0.000000 0.000000
0.000000 0.000000 0.000000
0.000000 0.000000 0.000000
0.000000 0.000000 0.000000
0.000000 0.000000 0.000000
0.000000 0.000000 0.000000
0.000000 0.000000 0.000000
0.000000 0.000000 0.000000
0.000000 0.000000 0.000000
0.000000 0.000000 0.000000
0.000000 0.000000 0.000000
0.000000 0.000000 0.000000
0.000000 0.000000 0.000000
0.000000 0.000000 0.000000
0.000000 0.000000 0.000000
0.000000 0.000000 0.000000
0.000000 0.000000 0.000000
0.000000 0.000000 0.000000
0.000000 0.000000 0.000000
0.000000 0.000000 0.000000
0.000000 0.000000 0.000000
0.000000 0.000000 0.000000
0.000000 0.000000 0.000000
0.000000 0.000000 0.000000
0.000000 0.000000 0.000000
0.000000 0.000000 0.000000
0.000000 0.000000 0.000000
0.000000 0.000000 0.000000
0.000000 0.000000 0.000000
0.000000 0.000000 0.000000
0.000000 0.000000 0.000000
0.000000 0.000000 0.000000
0.000000 0.000000 0.000000
0.000000 0.000000 0.000000
0.000000 0.000000 0.000000
0.000000 0.000000 0.000000
0.000000 0.000000 0.000000
0.000000 0.000000 0.000000
0.000000 0.000000 0.000000
0.000000 0.000000 0.000000
0.000000 0.000000 0.000000
0.000000 0.000000 0.000000
0.000000 0.000000 0.000000
0.000000 0.000000 0.000000
0.000000 0.000000 0.000000
0.000000 0.000000 0.000000
0.000000 0.000000 0.000000
0.000000 0.000000 0.000000
0.000000 0.000000 0.000000
0.000000 0.000000 0.000000
0.000000 0.000000 0.000000
0.000000 0.000000 0.000000
0.000000 0.000000 0.000000
0.000000 0.000000 0.000000
0.000000 0.000000 0.000000
0.000000 0.000000 0.000000
0.000000 0.000000 0.000000
0.000000 0.000000 0.000000
0.000000 0.000000 0.000000
0.000000 0.000000 0.000000
0.000000 0.000000 0.000000
0.000000 0.000000 0.000000
0.000000 0.000000 0.000000
0.000000 0.000000 0.000000
0.000000 0.000000 0.000000
0.000000 0.000000 0.000000
0.000000 0.000000 0.000000
0.000000 0.000000 0.000000
0.000000 0.000000 0.000000
0.000000 0.000000 0.000000
0.000000 0.000000 0.000000
0.000000 0.000000 0.000000
0.000000 0.000000 0.000000
0.000000 0.000000 0.000000
0.000000 0.000000 0.000000
0.000000 0.000000 0.000000
0.000000 0.000000 0.000000
0.000000 0.000000 0.000000
0.000000 0.000000 0.000000
0.000000 0.000000 0.000000
0.000000 0.000000 0.000000
0.000000 0.000000 0.000000
0.000000 0.000000 0.000000
0.000000 0.000000 0.000000
0.000000 0.000000 0.000000
0.000000 0.000000 0.000000
0.000000 0.000000 0.000000
0.000000 0.000000 0.000000
0.000000 0.000000 0.000000
0.000000 0.000000 0.000000
0.000000 0.000000 0.000000
0.000000 0.000000 0.000000
0.000000 0.000000 0.000000
0.000000 0.000000 0.000000
0.000000 0.000000 0.000000
0.000000 0.000000 0.000000
0.000000 0.000000 0.000000
0.000000 0.000000 0.000000
0.000000 0.000000 0.000000
0.000000 0.000000 0.000000
0.000000 0.000000 0.000000
0.000000 0.000000 0.000000
0.000000 0.000000 0.000000
0.000000 0.000000 0.000000
0.000000 0.000000 0.000000
0.000000 0.000000 0.000000
0.000000 0.000000 0.000000
0.000000 0.000000 0.000000
0.000000 0.000000 0.000000
0.000000 0.000000 0.000000
0.000000 0.000000 0.000000
0.000000 0.000000 0.000000
0.000000 0.000000 0.000000
0.000000 0.000000 0.000000
0.000000 0.000000 0.000000
0.000000 0.000000 0.000000
0.000000 0.000000 0.000000
0.000000 0.000000 0.000000
0.000000 0.000000 0.000000
0.000000 0.000000 0.000000
0.000000 0.000000 0.000000
0.000000 0.000000 0.000000
0.000000 0.000000 0.000000
0.000000 0.000000 0.000000
0.000000 0.000000 0.000000
0.000000 0.000000 0.000000
0.000000 0.000000 0.000000
0.000000 0.000000 0.000000
0.000000 0.000000 0.000000
0.000000 0.000000 0.000000
0.000000 0.000000 0.000000
0.000000 0.000000 0.000000
0.000000 0.000000 0.000000
0.000000 0.000000 0.000000
0.000000 0.000000 0.000000
0.000000 0.000000 0.000000
0.000000 0.000000 0.000000
0.000000 0.000000 0.000000
0.000000 0.000000 0.000000
0.000000 0.000000 0.000000
0.000000 0.000000 0.000000
0.000000 0.000000 0.000000
0.000000 0.000000 0.000000
0.000000 0.000000 0.000000
0.000000 0.000000 0.000000
0.000000 0.000000 0.000000
0.000000 0.000000 0.000000
0.000000 0.000000 0.000000
0.000000 0.000000 0.000000
0.000000 0.000000 0.000000
0.000000 0.000000 0.000000
0.000000 0.000000 0.000000
0.000000 0.000000 0.000000
0.000000 0.000000 0.000000
0.000000 0.000000 0.000000
0.000000 0.000000 0.000000
0.000000 0.000000 0.000000
0.000000 0.000000 0.000000
0.000000 0.000000 0.000000
0.000000 0.000000 0.000000
0.000000 0.000000 0.000000
0.000000 0.000000 0.000000
0.000000 0.000000 0.000000
0.000000 0.000000 0.000000
0.000000 0.000000 0.000000
0.000000 0.000000 0.000000
0.000000 0.000000 0.000000
0.000000 0.000000 0.000000
0.000000 0.000000 0.000000
0.000000 0.000000 0.000000
0.000000 0.000000 0.000000
0.000000 0.000000 0.000000
0.000000 0.000000 0.000000
0.000000 0.000000 0.000000
0.000000 0.000000 0.000000
0.000000 0.000000 0.000000
0.000000 0.000000 0.000000
0.000000 0.000000 0.000000
0.000000 0.000000 0.000000
0.000000 0.000000 0.000000
0.000000 0.000000 0.000000
0.000000 0.000000 0.000000
0.000000 0.000000 0.000000
0.000000 0.000000 0.000000
0.000000 0.000000 0.000000
0.000000 0.000000 0.000000
0.000000 0.000000 0.000000
0.000000 0.000000 0.000000
0.000000 0.000000 0.000000
0.000000 0.000000 0.000000
0.000000 0.000000 0.000000
0.000000 0.000000 0.000000
0.000000 0.000000 0.000000
0.000000 0.000000 0.000000
0.000000 0.000000 0.000000
0.000000 0.000000 0.000000
0.000000 0.000000 0.000000
0.000000 0.000000 0.000000
0.000000 0.000000 0.000000
0.000000 0.000000 0.000000
0.000000 0.000000 0.000000
0.000000 0.000000 0.000000
0.030042 -0.030031 -0.014139
0.060085 -0.060061 -0.028277
0.090127 -0.090092 -0.042416
0.120169 -0.120122 -0.056554
0.150212 -0.150153 -0.070693
0.180254 -0.180183 -0.084831
0.210296 -0.210214 -0.098970
0.240339 -0.240245 -0.113108
0.270381 -0.270275 -0.127247
0.300423 -0.300306 -0.141386
0.330466 -0.330336 -0.155524
0.360508 -0.360367 -0.169663
0.390550 -0.390397 -0.183801
0.420593 -0.420428 -0.197940
0.450635 -0.450458 -0.212078
0.480677 -0.480489 -0.226217
0.510720 -0.510520 -0.240356
0.540762 -0.540550 -0.254494
0.570804 -0.570581 -0.268633
0.600847 -0.600611 -0.282771
0.630889 -0.630642 -0.296910
0.660931 -0.660672 -0.311048
0.690974 -0.690703 -0.325187
0.721016 -0.720734 -0.339325
0.751058 -0.750764 -0.353464
0.781101 -0.780795 -0.367603
0.811143 -0.810825 -0.381741
0.841185 -0.840856 -0.395880
0.871228 -0.870886 -0.410018
0.901270 -0.900917 -0.424157
0.931312 -0.930947 -0.438295
0.961355 -0.960978 -0.452434
0.991397 -0.991009 -0.466572
0.991397 -0.991009 -0.466572
0.991397 -0.991009 -0.466572
0.991397 -0.991009 -0.466572
0.991397 -0.991009 -0.466572
0.991397 -0.991009 -0.466572
0.991397 -0.991009 -0.466572
0.991397 -0.991009 -0.466572
0.991397 -0.991009 -0.466572
0.991397 -0.991009 -0.466572
0.991397 -0.991009 -0.466572
0.991397 -0.991009 -0.466572
0.991397 -0.991009 -0.466572
0.991397 -0.991009 -0.466572
0.991397 -0.991009 -0.466572
0.991397 -0.991009 -0.466572
0.991397 -0.991009 -0.466572
0.991397 -0.991009 -0.466572
0.991397 -0.991009 -0.466572
0.991397 -0.991009 -0.466572
0.991397 -0.991009 -0.466572
0.991397 -0.991009 -0.466572
0.991397 -0.991009 -0.466572
0.991397 -0.991009 -0.466572
0.991397 -0.991009 -0.466572
0.991397 -0.991009 -0.466572
0.991397 -0.991009 -0.466572
0.991397 -0.991009 -0.466572
0.991397 -0.991009 -0.466572
0.991397 -0.991009 -0.466572
0.991397 -0.991009 -0.466572
0.991397 -0.991009 -0.466572
0.991397 -0.991009 -0.466572
0.991397 -0.991009 -0.466572
0.991397 -0.991009 -0.466572
0.991397 -0.991009 -0.466572
0.991397 -0.991009 -0.466572
0.991397 -0.991009 -0.466572
0.991397 -0.991009 -0.466572
0.991397 -0.991009 -0.466572
0.991397 -0.991009 -0.466572
0.991397 -0.991009 -0.466572
0.991397 -0.991009 -0.466572
0.991397 -0.991009 -0.466572
0.991397 -0.991009 -0.466572
0.991397 -0.991009 -0.466572
0.991397 -0.991009 -0.466572
0.991397 -0.991009 -0.466572
0.991397 -0.991009 -0.466572
0.991397 -0.991009 -0.466572
0.991397 -0.991009 -0.466572
0.991397 -0.991009 -0.466572
0.991397 -0.991009 -0.466572
0.991397 -0.991009 -0.466572
0.991397 -0.991009 -0.466572
0.991397 -0.991009 -0.466572
0.991397 -0.991009 -0.466572
0.991397 -0.991009 -0.466572
0.991397 -0.991009 -0.466572
0.991397 -0.991009 -0.466572
0.991397 -0.991009 -0.466572
0.991397 -0.991009 -0.466572
0.991397 -0.991009 -0.466572
0.991397 -0.991009 -0.466572
0.991397 -0.991009 -0.466572
0.991397 -0.991009 -0.466572
0.991397 -0.991009 -0.466572
0.991397 -0.991009 -0.466572
0.991397 -0.991009 -0.466572
0.991397 -0.991009 -0.466572
0.991397 -0.991009 -0.466572
0.991397 -0.991009 -0.466572
0.991397 -0.991009 -0.466572
0.991397 -0.991009 -0.466572
0.991397 -0.991009 -0.466572
0.991397 -0.991009 -0.466572
0.991397 -0.991009 -0.466572
0.991397 -0.991009 -0.466572
0.991397 -0.991009 -0.466572
0.991397 -0.991009 -0.466572
0.991397 -0.991009 -0.466572
0.991397 -0.991009 -0.466572
0.991397 -0.991009 -0.466572
0.991397 -0.991009 -0.466572
0.991397 -0.991009 -0.466572
0.991397 -0.991009 -0.466572
0.991397 -0.991009 -0.466572
0.991397 -0.991009 -0.466572
0.991397 -0.991009 -0.466572
0.991397 -0.991009 -0.466572
0.991397 -0.991009 -0.466572
0.991397 -0.991009 -0.466572
0.991397 -0.991009 -0.466572
0.991397 -0.991009 -0.466572
0.991397 -0.991009 -0.466572
0.991397 -0.991009 -0.466572
0.991397 -0.991009 -0.466572
0.991397 -0.991009 -0.466572
0.991397 -0.991009 -0.466572
0.991397 -0.991009 -0.466572
0.991397 -0.991009 -0.466572
0.991397 -0.991009 -0.466572
0.991397 -0.991009 -0.466572
0.991397 -0.991009 -0.466572
0.991397 -0.991009 -0.466572
0.991397 -0.991009 -0.466572
0.991397 -0.991009 -0.466572
0.991397 -0.991009 -0.466572
0.991397 -0.991009 -0.466572
0.991397 -0.991009 -0.466572
0.991397 -0.991009 -0.466572
0.991397 -0.991009 -0.466572
0.991397 -0.991009 -0.466572
0.991397 -0.991009 -0.466572
0.991397 -0.991009 -0.466572
0.991397 -0.991009 -0.466572
0.991397 -0.991009 -0.466572
0.991397 -0.991009 -0.466572
0.991397 -0.991009 -0.466572
0.991397 -0.991009 -0.466572
0.991397 -0.991009 -0.466572
0.991397 -0.991009 -0.466572
0.991397 -0.991009 -0.466572
0.961355 -0.960966 -0.466584
0.931312 -0.930924 -0.466596
0.901270 -0.900882 -0.466608
0.871228 -0.870839 -0.466620
0.841185 -0.840797 -0.466631
0.811143 -0.810754 -0.466643
0.781101 -0.780712 -0.466655
0.751058 -0.750670 -0.466667
0.721016 -0.720627 -0.466679
0.690974 -0.690585 -0.466690
0.660931 -0.660543 -0.466702
0.630889 -0.630500 -0.466714
0.600847 -0.600458 -0.466726
0.570804 -0.570416 -0.466738
0.540762 -0.540373 -0.466749
0.510720 -0.510331 -0.466761
0.480677 -0.480289 -0.466773
0.450635 -0.450246 -0.466785
0.420593 -0.420204 -0.466797
0.390550 -0.390161 -0.466808
0.360508 -0.360119 -0.466820
0.330466 -0.330077 -0.466832
0.300423 -0.300034 -0.466844
0.270381 -0.269992 -0.466856
0.240339 -0.239950 -0.466867
0.210296 -0.209907 -0.466879
0.180254 -0.179865 -0.466891
0.150212 -0.149823 -0.466903
0.120169 -0.119780 -0.466914
0.090127 -0.089738 -0.466926
0.060085 -0.059696 -0.466938
0.030042 -0.029653 -0.466950
0.000000 0.000389 -0.466962
-0.027256 0.027645 -0.466972
-0.054511 0.054900 -0.466983
-0.081767 0.082156 -0.466994
-0.109022 0.109412 -0.467004
-0.136278 0.136667 -0.467015
-0.163533 0.163923 -0.467026
-0.190789 0.191178 -0.467037
-0.218045 0.218434 -0.467047
-0.245300 0.245690 -0.467058
-0.272556 0.272945 -0.467069
-0.299811 0.300201 -0.467079
-0.327067 0.327456 -0.467090
-0.354323 0.354712 -0.467101
-0.381578 0.381968 -0.467111
-0.408834 0.409223 -0.467122
-0.436089 0.436479 -0.467133
-0.463345 0.463734 -0.467143
-0.490600 0.490990 -0.467154
-0.517856 0.518246 -0.467165
-0.545112 0.545501 -0.467176
-0.572367 0.572757 -0.467186
-0.599623 0.600012 -0.467197
-0.626878 0.627268 -0.467208
-0.654134 0.654524 -0.467218
-0.681390 0.681779 -0.467229
-0.708645 0.709035 -0.467240
-0.735901 0.736290 -0.467250
-0.763156 0.763546 -0.467261
-0.790412 0.790802 -0.467272
-0.817667 0.818057 -0.467283
-0.844923 0.845313 -0.467293
-0.872179 0.872568 -0.467304
-0.899434 0.899824 -0.467315
-0.899434 0.899824 -0.467315
-0.899434 0.899824 -0.467315
-0.899434 0.899824 -0.467315
-0.899434 0.899824 -0.467315
-0.899434 0.899824 -0.467315
-0.899434 0.899824 -0.467315
-0.899434 0.899824 -0.467315
-0.899434 0.899824 -0.467315
-0.899434 0.899824 -0.467315
-0.899434 0.899824 -0.467315
-0.899434 0.899824 -0.467315
-0.899434 0.899824 -0.467315
-0.899434 0.899824 -0.467315
-0.899434 0.899824 -0.467315
-0.899434 0.899824 -0.467315
-0.899434 0.899824 -0.467315
-0.899434 0.899824 -0.467315
-0.899434 0.899824 -0.467315
-0.899434 0.899824 -0.467315
-0.899434 0.899824 -0.467315
-0.899434 0.899824 -0.467315
-0.899434 0.899824 -0.467315
-0.899434 0.899824 -0.467315
-0.899434 0.899824 -0.467315
-0.899434 0.899824 -0.467315
-0.899434 0.899824 -0.467315
-0.899434 0.899824 -0.467315
-0.899434 0.899824 -0.467315
-0.899434 0.899824 -0.467315
-0.899434 0.899824 -0.467315
-0.899434 0.899824 -0.467315
-0.899434 0.899824 -0.467315
-0.899434 0.899824 -0.467315
-0.899434 0.899824 -0.467315
-0.899434 0.899824 -0.467315
-0.899434 0.899824 -0.467315
-0.899434 0.899824 -0.467315
-0.899434 0.899824 -0.467315
-0.899434 0.899824 -0.467315
-0.899434 0.899824 -0.467315
-0.899434 0.899824 -0.467315
-0.899434 0.899824 -0.467315
-0.899434 0.899824 -0.467315
-0.899434 0.899824 -0.467315
-0.899434 0.899824 -0.467315
-0.899434 0.899824 -0.467315
-0.899434 0.899824 -0.467315
-0.899434 0.899824 -0.467315
-0.899434 0.899824 -0.467315
-0.899434 0.899824 -0.467315
-0.899434 0.899824 -0.467315
-0.899434 0.899824 -0.467315
-0.899434 0.899824 -0.467315
-0.899434 0.899824 -0.467315
-0.899434 0.899824 -0.467315
-0.899434 0.899824 -0.467315
-0.899434 0.899824 -0.467315
-0.899434 0.899824 -0.467315
-0.899434 0.899824 -0.467315
-0.899434 0.899824 -0.467315
-0.899434 0.899824 -0.467315
-0.899434 0.899824 -0.467315
-0.899434 0.899824 -0.467315
-0.899434 0.899824 -0.467315
-0.899434 0.899824 -0.467315
-0.899434 0.899824 -0.467315
-0.899434 0.899824 -0.467315
-0.899434 0.899824 -0.467315
-0.899434 0.899824 -0.467315
-0.899434 0.899824 -0.467315
-0.899434 0.899824 -0.467315
-0.899434 0.899824 -0.467315
-0.899434 0.899824 -0.467315
-0.899434 0.899824 -0.467315
-0.899434 0.899824 -0.467315
-0.899434 0.899824 -0.467315
-0.899434 0.899824 -0.467315
-0.899434 0.899824 -0.467315
-0.899434 0.899824 -0.467315
-0.899434 0.899824 -0.467315
-0.899434 0.899824 -0.467315
-0.899434 0.899824 -0.467315
-0.899434 0.899824 -0.467315
-0.899434 0.899824 -0.467315
-0.899434 0.899824 -0.467315
-0.899434 0.899824 -0.467315
-0.899434 0.899824 -0.467315
-0.899434 0.899824 -0.467315
-0.899434 0.899824 -0.467315
-0.899434 0.899824 -0.467315
-0.899434 0.899824 -0.467315
-0.899434 0.899824 -0.467315
-0.899434 0.899824 -0.467315
-0.899434 0.899824 -0.467315
-0.899434 0.899824 -0.467315
-0.899434 0.899824 -0.467315
-0.899434 0.899824 -0.467315
-0.899434 0.899824 -0.467315
-0.899434 0.899824 -0.467315
-0.899434 0.899824 -0.467315
-0.899434 0.899824 -0.467315
-0.899434 0.899824 -0.467315
-0.899434 0.899824 -0.467315
-0.899434 0.899824 -0.467315
-0.899434 0.899824 -0.467315
-0.899434 0.899824 -0.467315
-0.899434 0.899824 -0.467315
-0.899434 0.899824 -0.467315
-0.899434 0.899824 -0.467315
-0.899434 0.899824 -0.467315
-0.899434 0.899824 -0.467315
-0.899434 0.899824 -0.467315
-0.899434 0.899824 -0.467315
-0.899434 0.899824 -0.467315
-0.899434 0.899824 -0.467315
-0.899434 0.899824 -0.467315
-0.899434 0.899824 -0.467315
-0.899434 0.899824 -0.467315
-0.899434 0.899824 -0.467315
-0.899434 0.899824 -0.467315
-0.899434 0.899824 -0.467315
-0.899434 0.899812 -0.453164
-0.899434 0.899800 -0.439014
-0.899434 0.899789 -0.424864
-0.899434 0.899777 -0.410713
-0.899434 0.899765 -0.396563
-0.899434 0.899753 -0.382413
-0.899434 0.899741 -0.368262
-0.899434 0.899730 -0.354112
-0.899434 0.899718 -0.339961
-0.899434 0.899706 -0.325811
-0.899434 0.899694 -0.311661
-0.899434 0.899682 -0.297510
-0.899434 0.899671 -0.283360
-0.899434 0.899659 -0.269210
-0.899434 0.899647 -0.255059
-0.899434 0.899635 -0.240909
-0.899434 0.899624 -0.226759
-0.899434 0.899612 -0.212608
-0.899434 0.899600 -0.198458
-0.899434 0.899588 -0.184308
-0.899434 0.899576 -0.170157
-0.899434 0.899565 -0.156007
-0.899434 0.899553 -0.141857
-0.899434 0.899541 -0.127706
-0.899434 0.899529 -0.113556
-0.899434 0.899517 -0.099406
-0.899434 0.899506 -0.085255
-0.899434 0.899494 -0.071105
-0.899434 0.899482 -0.056954
-0.899434 0.899470 -0.042804
-0.899434 0.899458 -0.028654
-0.899434 0.899447 -0.014503
-0.899434 0.899435 -0.000353
-0.899434 0.899423 0.013797
-0.899434 0.899411 0.027948
-0.899434 0.899399 0.042098
-0.899434 0.899388 0.056248
-0.899434 0.899376 0.070399
-0.899434 0.899364 0.084549
-0.899434 0.899352 0.098699
-0.899434 0.899341 0.112850
-0.899434 0.899329 0.127000
-0.899434 0.899317 0.141150
-0.899434 0.899305 0.155301
-0.899434 0.899293 0.169451
-0.899434 0.899282 0.183602
-0.899434 0.899270 0.197752
-0.899434 0.899258 0.211902
-0.899434 0.899246 0.226053
-0.899434 0.899234 0.240203
-0.899434 0.899223 0.254353
-0.899434 0.899211 0.268504
-0.899434 0.899199 0.282654
-0.899434 0.899187 0.296804
-0.899434 0.899175 0.310955
-0.899434 0.899164 0.325105
-0.899434 0.899152 0.339255
-0.899434 0.899140 0.353406
-0.899434 0.899128 0.367556
-0.899434 0.899116 0.381706
-0.899434 0.899105 0.395857
-0.899434 0.899093 0.410007
-0.899434 0.899081 0.424158
-0.899434 0.899069 0.438308
-0.899434 0.899057 0.452458
-0.899434 0.899046 0.466609
-0.899434 0.899046 0.466609
-0.899434 0.899046 0.466609
-0.899434 0.899046 0.466609
-0.899434 0.899046 0.466609
-0.899434 0.899046 0.466609
-0.899434 0.899046 0.466609
-0.899434 0.899046 0.466609
-0.899434 0.899046 0.466609
-0.899434 0.899046 0.466609
-0.899434 0.899046 0.466609
-0.899434 0.899046 0.466609
-0.899434 0.899046 0.466609
-0.899434 0.899046 0.466609
-0.899434 0.899046 0.466609
-0.899434 0.899046 0.466609
-0.899434 0.899046 0.466609
-0.899434 0.899046 0.466609
-0.899434 0.899046 0.466609
-0.899434 0.899046 0.466609
-0.899434 0.899046 0.466609
-0.899434 0.899046 0.466609
-0.899434 0.899046 0.466609
-0.899434 0.899046 0.466609
-0.899434 0.899046 0.466609
-0.899434 0.899046 0.466609
-0.899434 0.899046 0.466609
-0.899434 0.899046 0.466609
-0.899434 0.899046 0.466609
-0.899434 0.899046 0.466609
-0.899434 0.899046 0.466609
-0.899434 0.899046 0.466609
-0.899434 0.899046 0.466609
-0.899434 0.899046 0.466609
-0.899434 0.899046 0.466609
-0.899434 0.899046 0.466609
-0.899434 0.899046 0.466609
-0.899434 0.899046 0.466609
-0.899434 0.899046 0.466609
-0.899434 0.899046 0.466609
-0.899434 0.899046 0.466609
-0.899434 0.899046 0.466609
-0.899434 0.899046 0.466609
-0.899434 0.899046 0.466609
-0.899434 0.899046 0.466609
-0.899434 0.899046 0.466609
-0.899434 0.899046 0.466609
-0.899434 0.899046 0.466609
-0.899434 0.899046 0.466609
-0.899434 0.899046 0.466609
-0.899434 0.899046 0.466609
-0.899434 0.899046 0.466609
-0.899434 0.899046 0.466609
-0.899434 0.899046 0.466609
-0.899434 0.899046 0.466609
-0.899434 0.899046 0.466609
-0.899434 0.899046 0.466609
-0.899434 0.899046 0.466609
-0.899434 0.899046 0.466609
-0.899434 0.899046 0.466609
-0.899434 0.899046 0.466609
-0.899434 0.899046 0.466609
-0.899434 0.899046 0.466609
-0.899434 0.899046 0.466609
-0.899434 0.899046 0.466609
-0.899434 0.899046 0.466609
-0.899434 0.899046 0.466609
-0.899434 0.899046 0.466609
-0.899434 0.899046 0.466609
-0.899434 0.899046 0.466609
-0.899434 0.899046 0.466609
-0.899434 0.899046 0.466609
-0.899434 0.899046 0.466609
-0.899434 0.899046 0.466609
-0.899434 0.899046 0.466609
-0.899434 0.899046 0.466609
-0.899434 0.899046 0.466609
-0.899434 0.899046 0.466609
-0.899434 0.899046 0.466609
-0.899434 0.899046 0.466609
-0.899434 0.899046 0.466609
-0.899434 0.899046 0.466609
-0.899434 0.899046 0.466609
-0.899434 0.899046 0.466609
-0.899434 0.899046 0.466609
-0.899434 0.899046 0.466609
-0.899434 0.899046 0.466609
-0.899434 0.899046 0.466609
-0.899434 0.899046 0.466609
-0.899434 0.899046 0.466609
-0.899434 0.899046 0.466609
-0.899434 0.899046 0.466609
-0.899434 0.899046 0.466609
-0.899434 0.899046 0.466609
-0.899434 0.899046 0.466609
-0.899434 0.899046 0.466609
-0.899434 0.899046 0.466609
-0.899434 0.899046 0.466609
-0.899434 0.899046 0.466609
-0.899434 0.899046 0.466609
-0.899434 0.899046 0.466609
-0.899434 0.899046 0.466609
-0.899434 0.899046 0.466609
-0.899434 0.899046 0.466609
-0.899434 0.899046 0.466609
-0.899434 0.899046 0.466609
-0.899434 0.899046 0.466609
-0.899434 0.899046 0.466609
-0.899434 0.899046 0.466609
-0.899434 0.899046 0.466609
-0.899434 0.899046 0.466609
-0.899434 0.899046 0.466609
-0.899434 0.899046 0.466609
-0.899434 0.899046 0.466609
-0.899434 0.899046 0.466609
-0.899434 0.899046 0.466609
-0.899434 0.899046 0.466609
-0.899434 0.899046 0.466609
-0.899434 0.899046 0.466609
-0.899434 0.899046 0.466609
-0.899434 0.899046 0.466609
-0.899434 0.899046 0.466609
-0.899434 0.899046 0.466609
-0.872179 0.871790 0.466619
-0.844923 0.844535 0.466630
-0.817667 0.817279 0.466641
-0.790412 0.790023 0.466651
-0.763156 0.762768 0.466662
-0.735901 0.735512 0.466673
-0.708645 0.708256 0.466683
-0.681390 0.681001 0.466694
-0.654134 0.653745 0.466705
-0.626878 0.626490 0.466716
-0.599623 0.599234 0.466726
-0.572367 0.571978 0.466737
-0.545112 0.544723 0.466748
-0.517856 0.517467 0.466758
-0.490600 0.490212 0.466769
-0.463345 0.462956 0.466780
-0.436089 0.435700 0.466790
-0.408834 0.408445 0.466801
-0.381578 0.381189 0.466812
-0.354323 0.353934 0.466823
-0.327067 0.326678 0.466833
-0.299811 0.299422 0.466844
-0.272556 0.272167 0.466855
-0.245300 0.244911 0.466865
-0.218045 0.217656 0.466876
-0.190789 0.190400 0.466887
-0.163533 0.163144 0.466897
-0.136278 0.135889 0.466908
-0.109022 0.108633 0.466919
-0.081767 0.081378 0.466930
-0.054511 0.054122 0.466940
-0.027256 0.026866 0.466951
-0.000000 -0.000389 0.466962
0.030291 -0.030680 0.466974
0.060582 -0.060972 0.466985
0.090874 -0.091263 0.466997
0.121165 -0.121554 0.467009
0.151456 -0.151845 0.467021
0.181747 -0.182137 0.467033
0.212039 -0.212428 0.467045
0.242330 -0.242719 0.467057
0.272621 -0.273010 0.467069
0.302912 -0.303302 0.467081
0.333203 -0.333593 0.467092
0.363495 -0.363884 0.467104
0.393786 -0.394175 0.467116
0.424077 -0.424466 0.467128
0.454368 -0.454758 0.467140
0.484659 -0.485049 0.467152
0.514951 -0.515340 0.467164
0.545242 -0.545631 0.467176
0.575533 -0.575923 0.467188
0.605824 -0.606214 0.467199
0.636116 -0.636505 0.467211
0.666407 -0.666796 0.467223
0.696698 -0.697088 0.467235
0.726989 -0.727379 0.467247
0.757280 -0.757670 0.467259
0.787572 -0.787961 0.467271
0.817863 -0.818253 0.467283
0.848154 -0.848544 0.467295
0.878445 -0.878835 0.467306
0.908737 -0.909126 0.467318
0.939028 -0.939418 0.467330
0.969319 -0.969709 0.467342
0.999610 -1.000000 0.467354
0.999610 -1.000000 0.467354
0.999610 -1.000000 0.467354
0.999610 -1.000000 0.467354
0.999610 -1.000000 0.467354
0.999610 -1.000000 0.467354
0.999610 -1.000000 0.467354
0.999610 -1.000000 0.467354
0.999610 -1.000000 0.467354
0.999610 -1.000000 0.467354
0.999610 -1.000000 0.467354
0.999610 -1.000000 0.467354
0.999610 -1.000000 0.467354
0.999610 -1.000000 0.467354
0.999610 -1.000000 0.467354
0.999610 -1.000000 0.467354
0.999610 -1.000000 0.467354
0.999610 -1.000000 0.467354
0.999610 -1.000000 0.467354
0.999610 -1.000000 0.467354
0.999610 -1.000000 0.467354
0.999610 -1.000000 0.467354
0.999610 -1.000000 0.467354
0.999610 -1.000000 0.467354
0.999610 -1.000000 0.467354
0.999610 -1.000000 0.467354
0.999610 -1.000000 0.467354
0.999610 -1.000000 0.467354
0.999610 -1.000000 0.467354
0.999610 -1.000000 0.467354
0.999610 -1.000000 0.467354
0.999610 -1.000000 0.467354
0.999610 -1.000000 0.467354
0.999610 -1.000000 0.467354
0.999610 -1.000000 0.467354
0.999610 -1.000000 0.467354
0.999610 -1.000000 0.467354
0.999610 -1.000000 0.467354
0.999610 -1.000000 0.467354
0.999610 -1.000000 0.467354
0.999610 -1.000000 0.467354
0.999610 -1.000000 0.467354
0.999610 -1.000000 0.467354
0.999610 -1.000000 0.467354
0.999610 -1.000000 0.467354
0.999610 -1.000000 0.467354
0.999610 -1.000000 0.467354
0.999610 -1.000000 0.467354
0.999610 -1.000000 0.467354
0.999610 -1.000000 0.467354
0.999610 -1.000000 0.467354
0.999610 -1.000000 0.467354
0.999610 -1.000000 0.467354
0.999610 -1.000000 0.467354
0.999610 -1.000000 0.467354
0.999610 -1.000000 0.467354
0.999610 -1.000000 0.467354
0.999610 -1.000000 0.467354
0.999610 -1.000000 0.467354
0.999610 -1.000000 0.467354
0.999610 -1.000000 0.467354
0.999610 -1.000000 0.467354
0.999610 -1.000000 0.467354
0.999610 -1.000000 0.467354
0.999610 -1.000000 0.467354
0.999610 -1.000000 0.467354
0.999610 -1.000000 0.467354
0.999610 -1.000000 0.467354
0.999610 -1.000000 0.467354
0.999610 -1.000000 0.467354
0.999610 -1.000000 0.467354
0.999610 -1.000000 0.467354
0.999610 -1.000000 0.467354
0.999610 -1.000000 0.467354
0.999610 -1.000000 0.467354
0.999610 -1.000000 0.467354
0.999610 -1.000000 0.467354
0.999610 -1.000000 0.467354
0.999610 -1.000000 0.467354
0.999610 -1.000000 0.467354
0.999610 -1.000000 0.467354
0.999610 -1.000000 0.467354
0.999610 -1.000000 0.467354
0.999610 -1.000000 0.467354
0.999610 -1.000000 0.467354
0.999610 -1.000000 0.467354
0.999610 -1.000000 0.467354
0.999610 -1.000000 0.467354
0.999610 -1.000000 0.467354
0.999610 -1.000000 0.467354
0.999610 -1.000000 0.467354
0.999610 -1.000000 0.467354
0.999610 -1.000000 0.467354
0.999610 -1.000000 0.467354
0.999610 -1.000000 0.467354
0.999610 -1.000000 0.467354
0.999610 -1.000000 0.467354
0.999610 -1.000000 0.467354
0.999610 -1.000000 0.467354
0.999610 -1.000000 0.467354
0.999610 -1.000000 0.467354
0.999610 -1.000000 0.467354
0.999610 -1.000000 0.467354
0.999610 -1.000000 0.467354
0.999610 -1.000000 0.467354
0.999610 -1.000000 0.467354
0.999610 -1.000000 0.467354
0.999610 -1.000000 0.467354
0.999610 -1.000000 0.467354
0.999610 -1.000000 0.467354
0.999610 -1.000000 0.467354
0.999610 -1.000000 0.467354
0.999610 -1.000000 0.467354
0.999610 -1.000000 0.467354
0.999610 -1.000000 0.467354
0.999610 -1.000000 0.467354
0.999610 -1.000000 0.467354
0.999610 -1.000000 0.467354
0.999610 -1.000000 0.467354
0.999610 -1.000000 0.467354
0.999610 -1.000000 0.467354
0.999610 -1.000000 0.467354
0.969319 -0.969697 0.453192
0.939028 -0.939394 0.439030
0.908737 -0.909091 0.424867
0.878445 -0.878788 0.410705
0.848154 -0.848485 0.396543
0.817863 -0.818182 0.382381
0.787572 -0.787879 0.368218
0.757280 -0.757576 0.354056
0.726989 -0.727273 0.339894
0.696698 -0.696970 0.325732
0.666407 -0.666667 0.311569
0.636116 -0.636364 0.297407
0.605824 -0.606061 0.283245
0.575533 -0.575758 0.269083
0.545242 -0.545455 0.254920
0.514951 -0.515152 0.240758
0.484659 -0.484848 0.226596
0.454368 -0.454545 0.212434
0.424077 -0.424242 0.198271
0.393786 -0.393939 0.184109
0.363495 -0.363636 0.169947
0.333203 -0.333333 0.155785
0.302912 -0.303030 0.141622
0.272621 -0.272727 0.127460
0.242330 -0.242424 0.113298
0.212039 -0.212121 0.099136
0.181747 -0.181818 0.084973
0.151456 -0.151515 0.070811
0.121165 -0.121212 0.056649
0.090874 -0.090909 0.042487
0.060582 -0.060606 0.028324
0.030291 -0.030303 0.014162
0.000000 0.000000 0.000000
