    1702
0.000000 0.000000 0.000000
0.005702 0.005711 0.006934
0.011404 0.011423 0.013867
0.017106 0.017134 0.020801
0.022808 0.022846 0.027735
0.028509 0.028557 0.034668
0.034211 0.034269 0.041602
0.039913 0.039980 0.048535
0.045615 0.045691 0.055469
0.051317 0.051403 0.062403
0.057019 0.057114 0.069336
0.062721 0.062826 0.076270
0.068423 0.068537 0.083204
0.074125 0.074249 0.090137
0.079827 0.079960 0.097071
0.085528 0.085671 0.104005
0.091230 0.091383 0.110938
0.096932 0.097094 0.117872
0.102634 0.102806 0.124805
0.108336 0.108517 0.131739
0.114038 0.114229 0.138673
0.119740 0.119940 0.145606
0.125442 0.125651 0.152540
0.131144 0.131363 0.159474
0.136845 0.137074 0.166407
0.142547 0.142786 0.173341
0.148249 0.148497 0.180274
0.148249 0.148507 0.187199
0.148249 0.148516 0.194123
0.142547 0.142824 0.201037
0.136845 0.137131 0.207952
0.131144 0.131429 0.207942
0.125442 0.125728 0.207933
0.119740 0.120026 0.207923
0.114038 0.114314 0.200990
0.108336 0.108603 0.194056
0.102634 0.102891 0.187122
0.096932 0.097180 0.180189
0.091230 0.091468 0.173255
0.085528 0.085757 0.166322
0.079827 0.080046 0.159388
0.074125 0.074334 0.152454
0.068423 0.068623 0.145521
0.062721 0.062911 0.138587
0.057019 0.057200 0.131653
0.051317 0.051488 0.124720
0.045615 0.045777 0.117786
0.039913 0.040066 0.110853
0.034211 0.034354 0.103919
0.028509 0.028643 0.096985
0.022808 0.022931 0.090052
0.017106 0.017220 0.083118
0.011404 0.011508 0.076184
0.005702 0.005797 0.069251
0.000000 0.000086 0.062317
-0.007584 -0.007508 0.055380
-0.015168 -0.015102 0.048444
-0.022752 -0.022695 0.041507
-0.030336 -0.030289 0.034570
-0.037921 -0.037883 0.027633
-0.045505 -0.045476 0.020696
-0.053089 -0.053070 0.013760
-0.060673 -0.060664 0.006823
-0.068257 -0.068257 -0.000114
-0.075841 -0.075854 -0.009159
-0.083425 -0.083450 -0.018204
-0.091009 -0.091047 -0.027250
-0.098593 -0.098643 -0.036295
-0.106177 -0.106240 -0.045340
-0.113762 -0.113836 -0.054386
-0.121346 -0.121433 -0.063431
-0.128930 -0.129029 -0.072476
-0.136514 -0.136626 -0.081521
-0.144098 -0.144223 -0.090567
-0.151682 -0.151819 -0.099612
-0.159266 -0.159416 -0.108657
-0.166850 -0.167012 -0.117703
-0.174434 -0.174609 -0.126748
-0.182018 -0.182205 -0.135793
-0.189603 -0.189802 -0.144838
-0.197187 -0.197398 -0.153884
-0.204771 -0.204995 -0.162929
-0.212355 -0.212591 -0.171974
-0.219939 -0.220188 -0.181020
-0.227523 -0.227785 -0.190065
-0.235107 -0.235381 -0.199110
-0.242691 -0.242978 -0.208155
-0.250275 -0.250574 -0.217201
-0.250275 -0.250587 -0.226233
-0.250275 -0.250599 -0.235266
-0.250275 -0.250611 -0.244299
-0.250275 -0.250624 -0.253331
-0.250275 -0.250636 -0.262364
-0.250275 -0.250649 -0.271396
-0.250275 -0.250661 -0.280429
-0.250275 -0.250673 -0.289462
-0.250275 -0.250686 -0.298494
-0.250275 -0.250686 -0.298494
-0.250275 -0.250686 -0.298494
-0.250275 -0.250686 -0.298494
-0.250275 -0.250686 -0.298494
-0.250275 -0.250686 -0.298494
-0.250275 -0.250686 -0.298494
-0.250275 -0.250686 -0.298494
-0.250275 -0.250686 -0.298494
-0.250275 -0.250686 -0.298494
-0.250275 -0.250686 -0.298494
-0.250275 -0.250686 -0.298494
-0.250275 -0.250686 -0.298494
-0.250275 -0.250686 -0.298494
-0.250275 -0.250686 -0.298494
-0.250275 -0.250686 -0.298494
-0.250275 -0.250686 -0.298494
-0.250275 -0.250686 -0.298494
-0.250275 -0.250686 -0.298494
-0.250275 -0.250686 -0.298494
-0.250275 -0.250686 -0.298494
-0.250275 -0.250686 -0.298494
-0.250275 -0.250686 -0.298494
-0.250275 -0.250686 -0.298494
-0.250275 -0.250686 -0.298494
-0.250275 -0.250686 -0.298494
-0.250275 -0.250686 -0.298494
-0.250275 -0.250686 -0.298494
-0.250275 -0.250686 -0.298494
-0.250275 -0.250686 -0.298494
-0.250275 -0.250686 -0.298494
-0.250275 -0.250686 -0.298494
-0.250275 -0.250686 -0.298494
-0.242691 -0.243102 -0.298482
-0.235107 -0.235518 -0.298469
-0.227523 -0.227933 -0.298456
-0.219939 -0.220349 -0.298444
-0.212355 -0.212765 -0.298431
-0.204771 -0.205181 -0.298418
-0.197187 -0.197597 -0.298406
-0.189603 -0.190013 -0.298393
-0.182018 -0.182429 -0.298380
-0.174434 -0.174845 -0.298368
-0.166850 -0.167260 -0.298355
-0.159266 -0.159676 -0.298343
-0.151682 -0.152092 -0.298330
-0.144098 -0.144508 -0.298317
-0.136514 -0.136924 -0.298305
-0.128930 -0.129340 -0.298292
-0.121346 -0.121756 -0.298279
-0.113762 -0.114172 -0.298267
-0.106177 -0.106587 -0.298254
-0.098593 -0.099003 -0.298241
-0.091009 -0.091419 -0.298229
-0.083425 -0.083835 -0.298216
-0.075841 -0.076251 -0.298203
-0.068257 -0.068667 -0.298191
-0.060673 -0.061083 -0.298178
-0.053089 -0.053498 -0.298165
-0.045505 -0.045914 -0.298153
-0.037921 -0.038318 -0.289107
-0.030336 -0.030721 -0.280062
-0.022752 -0.023125 -0.271017
-0.015168 -0.015528 -0.261972
-0.007584 -0.007932 -0.252926
-0.000000 -0.000335 -0.243881
0.019073 0.018750 -0.234817
0.038146 0.037836 -0.225752
0.057219 0.056921 -0.216688
0.076292 0.076007 -0.207623
0.095365 0.095092 -0.198559
0.114438 0.114178 -0.189494
0.133511 0.133263 -0.180430
0.152584 0.152348 -0.171365
0.171657 0.171434 -0.162301
0.190730 0.190519 -0.153236
0.209803 0.209605 -0.144172
0.228876 0.228690 -0.135108
0.247949 0.247776 -0.126043
0.267022 0.266861 -0.116979
0.286095 0.285947 -0.107914
0.305168 0.305032 -0.098850
0.324241 0.324117 -0.089785
0.343313 0.343203 -0.080721
0.362386 0.362288 -0.071656
0.381459 0.381374 -0.062592
0.400532 0.400459 -0.053527
0.419605 0.419545 -0.044463
0.438678 0.438630 -0.035399
0.457751 0.457716 -0.026334
0.476824 0.476801 -0.017270
0.495897 0.495886 -0.008205
0.514970 0.514972 0.000859
0.534043 0.534071 0.020016
0.553116 0.553171 0.039173
0.572189 0.572270 0.058330
0.591262 0.591369 0.077487
0.610335 0.610468 0.096643
0.629408 0.629568 0.115800
0.629408 0.629594 0.134925
0.629408 0.629620 0.154050
0.629408 0.629647 0.173175
0.629408 0.629673 0.192300
0.629408 0.629699 0.211425
0.629408 0.629725 0.230550
0.629408 0.629752 0.249675
0.629408 0.629778 0.268800
0.629408 0.629804 0.287925
0.629408 0.629831 0.307050
0.629408 0.629857 0.326175
0.629408 0.629883 0.345300
0.629408 0.629909 0.364425
0.629408 0.629936 0.383550
0.629408 0.629962 0.402675
0.629408 0.629988 0.421800
0.629408 0.630015 0.440925
0.629408 0.630041 0.460050
0.629408 0.630067 0.479175
0.629408 0.630093 0.498300
0.629408 0.630120 0.517425
0.629408 0.630146 0.536550
0.629408 0.630172 0.555675
0.629408 0.630199 0.574800
0.629408 0.630225 0.593925
0.629408 0.630251 0.613050
0.629408 0.630277 0.632175
0.629408 0.630277 0.632175
0.629408 0.630277 0.632175
0.629408 0.630277 0.632175
0.629408 0.630277 0.632175
0.629408 0.630277 0.632175
0.629408 0.630277 0.632175
0.629408 0.630277 0.632175
0.629408 0.630277 0.632175
0.629408 0.630277 0.632175
0.629408 0.630277 0.632175
0.629408 0.630277 0.632175
0.629408 0.630277 0.632175
0.629408 0.630277 0.632175
0.629408 0.630277 0.632175
0.610335 0.611204 0.632143
0.591262 0.592131 0.632112
0.572189 0.573058 0.632080
0.553116 0.553985 0.632048
0.534043 0.534912 0.632016
0.514970 0.515839 0.631984
0.495897 0.496766 0.631952
0.476824 0.477693 0.631921
0.457751 0.458620 0.631889
0.438678 0.439547 0.631857
0.419605 0.420474 0.631825
0.400532 0.401401 0.631793
0.381459 0.382328 0.631762
0.362386 0.363255 0.631730
0.343313 0.344182 0.631698
0.324241 0.325109 0.631666
0.305168 0.306036 0.631634
0.286095 0.286963 0.631602
0.267022 0.267890 0.631571
0.247949 0.248817 0.631539
0.228876 0.229744 0.631507
0.209803 0.210671 0.631475
0.190730 0.191598 0.631443
0.171657 0.172525 0.631411
0.152584 0.153451 0.631380
0.133511 0.134378 0.631348
0.114438 0.115305 0.631316
0.095365 0.096232 0.631284
0.076292 0.077159 0.631252
0.057219 0.058086 0.631220
0.038146 0.039013 0.631189
0.019073 0.019940 0.631157
0.000000 0.000867 0.631125
-0.030273 -0.029406 0.631074
-0.060546 -0.059679 0.631024
-0.090819 -0.089952 0.630973
-0.121092 -0.120226 0.630923
-0.151365 -0.150499 0.630872
-0.181639 -0.180772 0.630822
-0.211912 -0.211045 0.630771
-0.242185 -0.241318 0.630721
-0.272458 -0.271591 0.630670
-0.302731 -0.301865 0.630620
-0.333004 -0.332138 0.630569
-0.363277 -0.362411 0.630519
-0.393550 -0.392711 0.611343
-0.423823 -0.423010 0.592168
-0.454096 -0.453309 0.572992
-0.484369 -0.483609 0.553817
-0.514643 -0.513908 0.534641
-0.544916 -0.544208 0.515466
-0.575189 -0.574507 0.496290
-0.605462 -0.604807 0.477115
-0.635735 -0.635106 0.457939
-0.666008 -0.665406 0.438764
-0.696281 -0.695705 0.419588
-0.726554 -0.726005 0.400413
-0.756827 -0.756304 0.381237
-0.787100 -0.786604 0.362062
-0.817374 -0.816903 0.342886
-0.847647 -0.847203 0.323711
-0.877920 -0.877502 0.304535
-0.908193 -0.907802 0.285360
-0.938466 -0.938101 0.266184
-0.968739 -0.968400 0.247009
-0.999012 -0.998700 0.227833
-0.999012 -0.998726 0.208708
-0.999012 -0.998753 0.189583
-0.999012 -0.998779 0.170458
-0.999012 -0.998805 0.151333
-0.999012 -0.998831 0.132208
-0.999012 -0.998858 0.113083
-0.999012 -0.998884 0.093958
-0.999012 -0.998910 0.074833
-0.999012 -0.998936 0.055708
-0.999012 -0.998963 0.036583
-0.999012 -0.998989 0.017458
-0.999012 -0.999015 -0.001667
-0.999012 -0.999049 -0.026377
-0.999012 -0.999083 -0.051088
-0.999012 -0.999117 -0.075798
-0.999012 -0.999151 -0.100508
-0.999012 -0.999185 -0.125219
-0.999012 -0.999219 -0.149929
-0.999012 -0.999253 -0.174639
-0.999012 -0.999287 -0.199350
-0.999012 -0.999321 -0.224060
-0.999012 -0.999355 -0.248770
-0.999012 -0.999389 -0.273481
-0.999012 -0.999423 -0.298191
-0.999012 -0.999457 -0.322901
-0.999012 -0.999491 -0.347612
-0.999012 -0.999525 -0.372322
-0.999012 -0.999559 -0.397032
-0.999012 -0.999593 -0.421743
-0.999012 -0.999627 -0.446453
-0.999012 -0.999660 -0.471163
-0.999012 -0.999694 -0.495874
-0.999012 -0.999728 -0.520584
-0.999012 -0.999762 -0.545294
-0.999012 -0.999796 -0.570005
-0.999012 -0.999830 -0.594715
-0.999012 -0.999864 -0.619425
-0.999012 -0.999898 -0.644136
-0.999012 -0.999932 -0.668846
-0.999012 -0.999966 -0.693556
-0.999012 -1.000000 -0.718267
-0.968739 -0.969761 -0.742926
-0.938466 -0.939522 -0.767586
-0.908193 -0.909282 -0.792246
-0.877920 -0.879043 -0.816906
-0.847647 -0.848770 -0.816855
-0.817374 -0.818497 -0.816805
-0.787100 -0.788223 -0.816754
-0.756827 -0.757950 -0.816704
-0.726554 -0.727677 -0.816653
-0.696281 -0.697404 -0.816603
-0.666008 -0.667131 -0.816552
-0.635735 -0.636858 -0.816502
-0.605462 -0.606584 -0.816451
-0.575189 -0.576311 -0.816401
-0.544916 -0.546038 -0.816350
-0.514643 -0.515765 -0.816300
-0.484369 -0.485492 -0.816249
-0.454096 -0.455218 -0.816199
-0.423823 -0.424945 -0.816148
-0.393550 -0.394672 -0.816098
-0.363277 -0.364399 -0.816047
-0.333004 -0.334126 -0.815997
-0.302731 -0.303852 -0.815946
-0.272458 -0.273579 -0.815896
-0.242185 -0.243306 -0.815845
-0.211912 -0.213033 -0.815795
-0.181639 -0.182760 -0.815744
-0.151365 -0.152486 -0.815694
-0.121092 -0.122213 -0.815643
-0.090819 -0.091940 -0.815592
-0.060546 -0.061667 -0.815542
-0.030273 -0.031394 -0.815491
-0.000000 -0.001120 -0.815441
0.029801 0.028681 -0.815391
0.059602 0.058482 -0.815341
0.089404 0.088283 -0.815292
0.119205 0.118085 -0.815242
0.149006 0.147886 -0.815192
0.178807 0.177687 -0.815143
0.208608 0.207488 -0.815093
0.238409 0.237290 -0.815043
0.268211 0.267091 -0.814993
0.298012 0.296892 -0.814944
0.327813 0.326694 -0.814894
0.357614 0.356495 -0.814844
0.387415 0.386296 -0.814794
0.417217 0.416097 -0.814745
0.447018 0.445899 -0.814695
0.476819 0.475700 -0.814645
0.506620 0.505501 -0.814596
0.536421 0.535303 -0.814546
0.566222 0.565104 -0.814496
0.596024 0.594905 -0.814446
0.625825 0.624706 -0.814397
0.655626 0.654508 -0.814347
0.685427 0.684309 -0.814297
0.715228 0.714110 -0.814247
0.745030 0.743911 -0.814198
0.774831 0.773713 -0.814148
0.804632 0.803514 -0.814098
0.834433 0.833315 -0.814049
0.864234 0.863117 -0.813999
0.894035 0.892918 -0.813949
0.923837 0.922753 -0.789189
0.953638 0.952588 -0.764429
0.983439 0.982424 -0.739669
0.983439 0.982457 -0.714959
0.983439 0.982491 -0.690248
0.983439 0.982525 -0.665538
0.983439 0.982559 -0.640828
0.983439 0.982593 -0.616117
0.983439 0.982627 -0.591407
0.983439 0.982661 -0.566697
0.983439 0.982695 -0.541986
0.983439 0.982729 -0.517276
0.983439 0.982763 -0.492566
0.983439 0.982797 -0.467855
0.983439 0.982831 -0.443145
0.983439 0.982865 -0.418435
0.983439 0.982899 -0.393724
0.983439 0.982933 -0.369014
0.983439 0.982967 -0.344304
0.983439 0.983001 -0.319593
0.983439 0.983035 -0.294883
0.983439 0.983069 -0.270173
0.983439 0.983103 -0.245462
0.983439 0.983137 -0.220752
0.983439 0.983171 -0.196042
0.983439 0.983204 -0.171331
0.983439 0.983238 -0.146621
0.983439 0.983272 -0.121911
0.983439 0.983306 -0.097200
0.983439 0.983340 -0.072490
0.983439 0.983374 -0.047780
0.983439 0.983408 -0.023069
0.983439 0.983442 0.001641
0.983439 0.983468 0.020798
0.983439 0.983495 0.039955
0.983439 0.983521 0.059113
0.983439 0.983547 0.078270
0.983439 0.983574 0.097427
0.983439 0.983600 0.116584
0.983439 0.983626 0.135741
0.983439 0.983653 0.154898
0.983439 0.983679 0.174056
0.983439 0.983705 0.193213
0.983439 0.983732 0.212370
0.983439 0.983758 0.231527
0.953638 0.953983 0.250634
0.923837 0.924208 0.269742
0.894035 0.894433 0.288849
0.864234 0.864658 0.307957
0.834433 0.834883 0.327064
0.804632 0.805108 0.346172
0.774831 0.775333 0.365279
0.745030 0.745558 0.384387
0.715228 0.715783 0.403494
0.685427 0.686009 0.422601
0.655626 0.656234 0.441709
0.625825 0.626459 0.460816
0.596024 0.596684 0.479924
0.566222 0.566909 0.499031
0.536421 0.537134 0.518139
0.506620 0.507359 0.537246
0.476819 0.477584 0.556353
0.447018 0.447809 0.575461
0.417217 0.418034 0.594568
0.387415 0.388259 0.613676
0.357614 0.358484 0.632783
0.327813 0.328683 0.632733
0.298012 0.298881 0.632684
0.268211 0.269080 0.632634
0.238409 0.239279 0.632584
0.208608 0.209478 0.632535
0.178807 0.179676 0.632485
0.149006 0.149875 0.632435
0.119205 0.120074 0.632385
0.089404 0.090273 0.632336
0.059602 0.060471 0.632286
0.029801 0.030670 0.632236
0.000000 0.000869 0.632186
-0.019007 -0.018138 0.632155
-0.038014 -0.037145 0.632123
-0.057020 -0.056152 0.632091
-0.076027 -0.075159 0.632060
-0.095034 -0.094165 0.632028
-0.114041 -0.113172 0.631996
-0.133047 -0.132179 0.631964
-0.152054 -0.151186 0.631933
-0.171061 -0.170193 0.631901
-0.190068 -0.189200 0.631869
-0.209074 -0.208206 0.631838
-0.228081 -0.227213 0.631806
-0.247088 -0.246220 0.631774
-0.266095 -0.265227 0.631742
-0.285102 -0.284234 0.631711
-0.304108 -0.303241 0.631679
-0.323115 -0.322247 0.631647
-0.342122 -0.341254 0.631616
-0.361129 -0.360261 0.631584
-0.380135 -0.379268 0.631552
-0.399142 -0.398275 0.631520
-0.418149 -0.417282 0.631489
-0.437156 -0.436288 0.631457
-0.456162 -0.455295 0.631425
-0.475169 -0.474302 0.631394
-0.494176 -0.493309 0.631362
-0.513183 -0.512316 0.631330
-0.532190 -0.531323 0.631298
-0.551196 -0.550329 0.631267
-0.570203 -0.569336 0.631235
-0.589210 -0.588343 0.631203
-0.608217 -0.607350 0.631172
-0.627223 -0.626357 0.631140
-0.627223 -0.626357 0.631140
-0.627223 -0.626357 0.631140
-0.627223 -0.626357 0.631140
-0.627223 -0.626357 0.631140
-0.627223 -0.626357 0.631140
-0.627223 -0.626357 0.631140
-0.627223 -0.626357 0.631140
-0.627223 -0.626357 0.631140
-0.627223 -0.626357 0.631140
-0.627223 -0.626357 0.631140
-0.627223 -0.626357 0.631140
-0.627223 -0.626357 0.631140
-0.627223 -0.626357 0.631140
-0.627223 -0.626357 0.631140
-0.627223 -0.626383 0.611983
-0.627223 -0.626409 0.592826
-0.627223 -0.626436 0.573668
-0.627223 -0.626462 0.554511
-0.627223 -0.626488 0.535354
-0.627223 -0.626515 0.516197
-0.627223 -0.626541 0.497040
-0.627223 -0.626567 0.477883
-0.627223 -0.626594 0.458725
-0.627223 -0.626620 0.439568
-0.627223 -0.626646 0.420411
-0.627223 -0.626673 0.401254
-0.627223 -0.626699 0.382097
-0.627223 -0.626725 0.362940
-0.627223 -0.626752 0.343782
-0.627223 -0.626778 0.324625
-0.627223 -0.626804 0.305468
-0.627223 -0.626831 0.286311
-0.627223 -0.626857 0.267154
-0.627223 -0.626883 0.247997
-0.627223 -0.626910 0.228839
-0.627223 -0.626936 0.209682
-0.627223 -0.626962 0.190525
-0.627223 -0.626989 0.171368
-0.627223 -0.627015 0.152211
-0.627223 -0.627041 0.133054
-0.627223 -0.627067 0.113896
-0.608217 -0.608087 0.094771
-0.589210 -0.589106 0.075645
-0.570203 -0.570126 0.056520
-0.551196 -0.551145 0.037395
-0.532190 -0.532165 0.018269
-0.513183 -0.513184 -0.000856
-0.494176 -0.494190 -0.009908
-0.475169 -0.475196 -0.018960
-0.456162 -0.456201 -0.028012
-0.437156 -0.437207 -0.037064
-0.418149 -0.418213 -0.046116
-0.399142 -0.399218 -0.055168
-0.380135 -0.380224 -0.064220
-0.361129 -0.361230 -0.073272
-0.342122 -0.342235 -0.082324
-0.323115 -0.323241 -0.091376
-0.304108 -0.304247 -0.100428
-0.285102 -0.285252 -0.109480
-0.266095 -0.266258 -0.118532
-0.247088 -0.247264 -0.127583
-0.228081 -0.228269 -0.136635
-0.209074 -0.209275 -0.145687
-0.190068 -0.190281 -0.154739
-0.171061 -0.171286 -0.163791
-0.152054 -0.152292 -0.172843
-0.133047 -0.133297 -0.181895
-0.114041 -0.114303 -0.190947
-0.095034 -0.095309 -0.199999
-0.076027 -0.076314 -0.209051
-0.057020 -0.057320 -0.218103
-0.038014 -0.038326 -0.227155
-0.019007 -0.019331 -0.236207
-0.000000 -0.000337 -0.245259
0.007609 0.007260 -0.254330
0.015218 0.014856 -0.263401
0.022828 0.022453 -0.272472
0.030437 0.030050 -0.281542
0.038046 0.037647 -0.290613
0.045655 0.045243 -0.299684
0.053264 0.052853 -0.299672
0.060874 0.060462 -0.299659
0.068483 0.068071 -0.299646
0.076092 0.075680 -0.299634
0.083701 0.083290 -0.299621
0.091310 0.090899 -0.299608
0.098920 0.098508 -0.299595
0.106529 0.106117 -0.299583
0.114138 0.113726 -0.299570
0.121747 0.121336 -0.299557
0.129356 0.128945 -0.299545
0.136966 0.136554 -0.299532
0.144575 0.144163 -0.299519
0.152184 0.151773 -0.299507
0.159793 0.159382 -0.299494
0.167402 0.166991 -0.299481
0.175012 0.174600 -0.299469
0.182621 0.182210 -0.299456
0.190230 0.189819 -0.299443
0.197839 0.197428 -0.299430
0.205448 0.205037 -0.299418
0.213058 0.212646 -0.299405
0.220667 0.220256 -0.299392
0.228276 0.227865 -0.299380
0.235885 0.235474 -0.299367
0.243494 0.243083 -0.299354
0.251104 0.250693 -0.299342
0.251104 0.250693 -0.299342
0.251104 0.250693 -0.299342
0.251104 0.250693 -0.299342
0.251104 0.250693 -0.299342
0.251104 0.250693 -0.299342
0.251104 0.250693 -0.299342
0.251104 0.250693 -0.299342
0.251104 0.250693 -0.299342
0.251104 0.250693 -0.299342
0.251104 0.250693 -0.299342
0.251104 0.250693 -0.299342
0.251104 0.250693 -0.299342
0.251104 0.250693 -0.299342
0.251104 0.250693 -0.299342
0.251104 0.250693 -0.299342
0.251104 0.250693 -0.299342
0.251104 0.250693 -0.299342
0.251104 0.250693 -0.299342
0.251104 0.250693 -0.299342
0.251104 0.250693 -0.299342
0.251104 0.250693 -0.299342
0.251104 0.250693 -0.299342
0.251104 0.250693 -0.299342
0.251104 0.250693 -0.299342
0.251104 0.250693 -0.299342
0.251104 0.250693 -0.299342
0.251104 0.250693 -0.299342
0.251104 0.250693 -0.299342
0.251104 0.250693 -0.299342
0.251104 0.250693 -0.299342
0.251104 0.250693 -0.299342
0.251104 0.250693 -0.299342
0.251104 0.250705 -0.290258
0.251104 0.250718 -0.281174
0.251104 0.250730 -0.272091
0.251104 0.250742 -0.263007
0.251104 0.250755 -0.253923
0.251104 0.250767 -0.244840
0.251104 0.250780 -0.235756
0.251104 0.250792 -0.226672
0.251104 0.250805 -0.217589
0.243494 0.243208 -0.208518
0.235885 0.235611 -0.199447
0.228276 0.228015 -0.190376
0.220667 0.220418 -0.181305
0.213058 0.212821 -0.172234
0.205448 0.205224 -0.163163
0.197839 0.197628 -0.154092
0.190230 0.190031 -0.145021
0.182621 0.182434 -0.135950
0.175012 0.174837 -0.126879
0.167402 0.167241 -0.117808
0.159793 0.159644 -0.108737
0.152184 0.152047 -0.099666
0.144575 0.144450 -0.090595
0.136966 0.136854 -0.081524
0.129356 0.129257 -0.072453
0.121747 0.121660 -0.063382
0.114138 0.114063 -0.054311
0.106529 0.106467 -0.045241
0.098920 0.098870 -0.036170
0.091310 0.091273 -0.027099
0.083701 0.083677 -0.018028
0.076092 0.076080 -0.008957
0.068483 0.068483 0.000114
0.060874 0.060884 0.007333
0.053264 0.053284 0.014552
0.045655 0.045685 0.021770
0.038046 0.038086 0.028989
0.030437 0.030487 0.036207
0.022828 0.022887 0.043426
0.015218 0.015288 0.050645
0.007609 0.007689 0.057863
0.000000 0.000089 0.065082
-0.006007 -0.005908 0.072303
-0.012014 -0.011905 0.079524
-0.018021 -0.017902 0.086746
-0.024028 -0.023899 0.093967
-0.030035 -0.029896 0.101188
-0.036043 -0.035894 0.108410
-0.042050 -0.041891 0.115631
-0.048057 -0.047888 0.122852
-0.054064 -0.053885 0.130073
-0.060071 -0.059882 0.137295
-0.066078 -0.065879 0.144516
-0.072085 -0.071877 0.151737
-0.078092 -0.077874 0.158959
-0.084099 -0.083871 0.166180
-0.090106 -0.089868 0.173401
-0.096113 -0.095865 0.180623
-0.102121 -0.101862 0.187844
-0.108128 -0.107860 0.195065
-0.114135 -0.113857 0.202286
-0.120142 -0.119854 0.209508
-0.126149 -0.125851 0.216729
-0.132156 -0.131858 0.216719
-0.138163 -0.137865 0.216709
-0.144170 -0.143882 0.209468
-0.150177 -0.149899 0.202226
-0.150177 -0.149909 0.194995
-0.150177 -0.149919 0.187764
-0.150177 -0.149929 0.180532
-0.144170 -0.143932 0.173311
-0.138163 -0.137935 0.166090
-0.132156 -0.131938 0.158868
-0.126149 -0.125941 0.151647
-0.120142 -0.119943 0.144426
-0.114135 -0.113946 0.137205
-0.108128 -0.107949 0.129983
-0.102121 -0.101952 0.122762
-0.096113 -0.095955 0.115541
-0.090106 -0.089958 0.108319
-0.084099 -0.083960 0.101098
-0.078092 -0.077963 0.093877
-0.072085 -0.071966 0.086656
-0.066078 -0.065969 0.079434
-0.060071 -0.059972 0.072213
-0.054064 -0.053975 0.064992
-0.048057 -0.047977 0.057770
-0.042050 -0.041980 0.050549
-0.036043 -0.035983 0.043328
-0.030035 -0.029986 0.036106
-0.024028 -0.023989 0.028885
-0.018021 -0.017992 0.021664
-0.012014 -0.011994 0.014443
-0.006007 -0.005997 0.007221
0.000000 0.000000 0.000000
0.000000 0.000000 0.000000
0.000000 0.000000 0.000000
0.000000 0.000000 0.000000
0.000000 0.000000 0.000000
0.000000 0.000000 0.000000
0.000000 0.000000 0.000000
0.000000 0.000000 0.000000
0.000000 0.000000 0.000000
0.000000 0.000000 0.000000
0.000000 0.000000 0.000000
0.000000 0.000000 0.000000
0.000000 0.000000 0.000000
0.000000 0.000000 0.000000
0.000000 0.000000 0.000000
0.000000 0.000000 0.000000
0.000000 0.000000 0.000000
0.000000 0.000000 0.000000
0.000000 0.000000 0.000000
0.000000 0.000000 0.000000
0.000000 0.000000 0.000000
0.000000 0.000000 0.000000
0.000000 0.000000 0.000000
0.000000 0.000000 0.000000
0.000000 0.000000 0.000000
0.000000 0.000000 0.000000
0.000000 0.000000 0.000000
0.000000 0.000000 0.000000
0.000000 0.000000 0.000000
0.000000 0.000000 0.000000
0.000000 0.000000 0.000000
0.000000 0.000000 0.000000
0.000000 0.000000 0.000000
0.000000 0.000000 0.000000
0.000000 0.000000 0.000000
0.000000 0.000000 0.000000
0.000000 0.000000 0.000000
0.000000 0.000000 0.000000
0.000000 0.000000 0.000000
0.000000 0.000000 0.000000
0.000000 0.000000 0.000000
0.000000 0.000000 0.000000
0.000000 0.000000 0.000000
0.000000 0.000000 0.000000
0.000000 0.000000 0.000000
0.000000 0.000000 0.000000
0.000000 0.000000 0.000000
0.000000 0.000000 0.000000
0.000000 0.000000 0.000000
0.000000 0.000000 0.000000
0.000000 0.000000 0.000000
0.000000 0.000000 0.000000
0.000000 0.000000 0.000000
0.000000 0.000000 0.000000
0.000000 0.000000 0.000000
0.000000 0.000000 0.000000
0.000000 0.000000 0.000000
0.000000 0.000000 0.000000
0.000000 0.000000 0.000000
0.000000 0.000000 0.000000
0.000000 0.000000 0.000000
0.000000 0.000000 0.000000
0.000000 0.000000 0.000000
0.000000 0.000000 0.000000
0.000000 0.000000 0.000000
0.000000 0.000000 0.000000
0.000000 0.000000 0.000000
0.000000 0.000000 0.000000
0.000000 0.000000 0.000000
0.000000 0.000000 0.000000
0.000000 0.000000 0.000000
0.000000 0.000000 0.000000
0.000000 0.000000 0.000000
0.000000 0.000000 0.000000
0.000000 0.000000 0.000000
0.000000 0.000000 0.000000
0.000000 0.000000 0.000000
0.000000 0.000000 0.000000
0.000000 0.000000 0.000000
0.000000 0.000000 0.000000
0.000000 0.000000 0.000000
0.000000 0.000000 0.000000
0.000000 0.000000 0.000000
0.000000 0.000000 0.000000
0.000000 0.000000 0.000000
0.000000 0.000000 0.000000
0.000000 0.000000 0.000000
0.000000 0.000000 0.000000
0.000000 0.000000 0.000000
0.000000 0.000000 0.000000
0.000000 0.000000 0.000000
0.000000 0.000000 0.000000
0.000000 0.000000 0.000000
0.000000 0.000000 0.000000
0.000000 0.000000 0.000000
0.000000 0.000000 0.000000
0.000000 0.000000 0.000000
0.000000 0.000000 0.000000
0.000000 0.000000 0.000000
0.000000 0.000000 0.000000
0.000000 0.000000 0.000000
0.000000 0.000000 0.000000
0.000000 0.000000 0.000000
0.000000 0.000000 0.000000
0.000000 0.000000 0.000000
0.000000 0.000000 0.000000
0.000000 0.000000 0.000000
0.000000 0.000000 0.000000
0.000000 0.000000 0.000000
0.000000 0.000000 0.000000
0.000000 0.000000 0.000000
0.000000 0.000000 0.000000
0.000000 0.000000 0.000000
0.000000 0.000000 0.000000
0.000000 0.000000 0.000000
0.000000 0.000000 0.000000
0.000000 0.000000 0.000000
0.000000 0.000000 0.000000
0.000000 0.000000 0.000000
0.000000 0.000000 0.000000
0.000000 0.000000 0.000000
0.000000 0.000000 0.000000
0.000000 0.000000 0.000000
0.000000 0.000000 0.000000
0.000000 0.000000 0.000000
0.000000 0.000000 0.000000
0.000000 0.000000 0.000000
0.000000 0.000000 0.000000
0.000000 0.000000 0.000000
0.000000 0.000000 0.000000
0.000000 0.000000 0.000000
0.000000 0.000000 0.000000
0.000000 0.000000 0.000000
0.000000 0.000000 0.000000
0.000000 0.000000 0.000000
0.000000 0.000000 0.000000
0.000000 0.000000 0.000000
0.000000 0.000000 0.000000
0.000000 0.000000 0.000000
0.000000 0.000000 0.000000
0.000000 0.000000 0.000000
0.000000 0.000000 0.000000
0.000000 0.000000 0.000000
0.000000 0.000000 0.000000
0.000000 0.000000 0.000000
0.000000 0.000000 0.000000
0.000000 0.000000 0.000000
0.000000 0.000000 0.000000
0.000000 0.000000 0.000000
0.000000 0.000000 0.000000
0.000000 0.000000 0.000000
0.000000 0.000000 0.000000
0.000000 0.000000 0.000000
0.000000 0.000000 0.000000
0.000000 0.000000 0.000000
0.000000 0.000000 0.000000
0.000000 0.000000 0.000000
0.000000 0.000000 0.000000
0.000000 0.000000 0.000000
0.000000 0.000000 0.000000
0.000000 0.000000 0.000000
0.000000 0.000000 0.000000
0.000000 0.000000 0.000000
0.000000 0.000000 0.000000
0.000000 0.000000 0.000000
0.000000 0.000000 0.000000
0.000000 0.000000 0.000000
0.000000 0.000000 0.000000
0.000000 0.000000 0.000000
0.000000 0.000000 0.000000
0.000000 0.000000 0.000000
0.000000 0.000000 0.000000
0.000000 0.000000 0.000000
0.000000 0.000000 0.000000
0.000000 0.000000 0.000000
0.000000 0.000000 0.000000
0.000000 0.000000 0.000000
0.000000 0.000000 0.000000
0.000000 0.000000 0.000000
0.000000 0.000000 0.000000
0.000000 0.000000 0.000000
0.000000 0.000000 0.000000
0.000000 0.000000 0.000000
0.000000 0.000000 0.000000
0.000000 0.000000 0.000000
0.000000 0.000000 0.000000
0.000000 0.000000 0.000000
0.000000 0.000000 0.000000
0.000000 0.000000 0.000000
0.000000 0.000000 0.000000
0.000000 0.000000 0.000000
0.000000 0.000000 0.000000
0.000000 0.000000 0.000000
0.000000 0.000000 0.000000
0.000000 0.000000 0.000000
0.000000 0.000000 0.000000
0.000000 0.000000 0.000000
0.000000 0.000000 0.000000
0.000000 0.000000 0.000000
0.000000 0.000000 0.000000
0.000000 0.000000 0.000000
0.000000 0.000000 0.000000
0.005702 -0.005711 -0.006934
0.011404 -0.011423 -0.013867
0.017106 -0.017134 -0.020801
0.022808 -0.022846 -0.027735
0.028509 -0.028557 -0.034668
0.034211 -0.034269 -0.041602
0.039913 -0.039980 -0.048535
0.045615 -0.045691 -0.055469
0.051317 -0.051403 -0.062403
0.057019 -0.057114 -0.069336
0.062721 -0.062826 -0.076270
0.068423 -0.068537 -0.083204
0.074125 -0.074249 -0.090137
0.079827 -0.079960 -0.097071
0.085528 -0.085671 -0.104005
0.091230 -0.091383 -0.110938
0.096932 -0.097094 -0.117872
0.102634 -0.102806 -0.124805
0.108336 -0.108517 -0.131739
0.114038 -0.114229 -0.138673
0.119740 -0.119940 -0.145606
0.125442 -0.125651 -0.152540
0.131144 -0.131363 -0.159474
0.136845 -0.137074 -0.166407
0.142547 -0.142786 -0.173341
0.148249 -0.148497 -0.180274
0.148249 -0.148507 -0.187199
0.148249 -0.148516 -0.194123
0.142547 -0.142824 -0.201037
0.136845 -0.137131 -0.207952
0.131144 -0.131429 -0.207942
0.125442 -0.125728 -0.207933
0.119740 -0.120026 -0.207923
0.114038 -0.114314 -0.200990
0.108336 -0.108603 -0.194056
0.102634 -0.102891 -0.187122
0.096932 -0.097180 -0.180189
0.091230 -0.091468 -0.173255
0.085528 -0.085757 -0.166322
0.079827 -0.080046 -0.159388
0.074125 -0.074334 -0.152454
0.068423 -0.068623 -0.145521
0.062721 -0.062911 -0.138587
0.057019 -0.057200 -0.131653
0.051317 -0.051488 -0.124720
0.045615 -0.045777 -0.117786
0.039913 -0.040066 -0.110853
0.034211 -0.034354 -0.103919
0.028509 -0.028643 -0.096985
0.022808 -0.022931 -0.090052
0.017106 -0.017220 -0.083118
0.011404 -0.011508 -0.076184
0.005702 -0.005797 -0.069251
-0.000000 -0.000086 -0.062317
-0.007584 0.007508 -0.055380
-0.015168 0.015102 -0.048444
-0.022752 0.022695 -0.041507
-0.030336 0.030289 -0.034570
-0.037921 0.037883 -0.027633
-0.045505 0.045476 -0.020696
-0.053089 0.053070 -0.013760
-0.060673 0.060664 -0.006823
-0.068257 0.068257 0.000114
-0.075841 0.075854 0.009159
-0.083425 0.083450 0.018204
-0.091009 0.091047 0.027250
-0.098593 0.098643 0.036295
-0.106177 0.106240 0.045340
-0.113762 0.113836 0.054386
-0.121346 0.121433 0.063431
-0.128930 0.129029 0.072476
-0.136514 0.136626 0.081521
-0.144098 0.144223 0.090567
-0.151682 0.151819 0.099612
-0.159266 0.159416 0.108657
-0.166850 0.167012 0.117703
-0.174434 0.174609 0.126748
-0.182018 0.182205 0.135793
-0.189603 0.189802 0.144838
-0.197187 0.197398 0.153884
-0.204771 0.204995 0.162929
-0.212355 0.212591 0.171974
-0.219939 0.220188 0.181020
-0.227523 0.227785 0.190065
-0.235107 0.235381 0.199110
-0.242691 0.242978 0.208155
-0.250275 0.250574 0.217201
-0.250275 0.250587 0.226233
-0.250275 0.250599 0.235266
-0.250275 0.250611 0.244299
-0.250275 0.250624 0.253331
-0.250275 0.250636 0.262364
-0.250275 0.250649 0.271396
-0.250275 0.250661 0.280429
-0.250275 0.250673 0.289462
-0.250275 0.250686 0.298494
-0.250275 0.250686 0.298494
-0.250275 0.250686 0.298494
-0.250275 0.250686 0.298494
-0.250275 0.250686 0.298494
-0.250275 0.250686 0.298494
-0.250275 0.250686 0.298494
-0.250275 0.250686 0.298494
-0.250275 0.250686 0.298494
-0.250275 0.250686 0.298494
-0.250275 0.250686 0.298494
-0.250275 0.250686 0.298494
-0.250275 0.250686 0.298494
-0.250275 0.250686 0.298494
-0.250275 0.250686 0.298494
-0.250275 0.250686 0.298494
-0.250275 0.250686 0.298494
-0.250275 0.250686 0.298494
-0.250275 0.250686 0.298494
-0.250275 0.250686 0.298494
-0.250275 0.250686 0.298494
-0.250275 0.250686 0.298494
-0.250275 0.250686 0.298494
-0.250275 0.250686 0.298494
-0.250275 0.250686 0.298494
-0.250275 0.250686 0.298494
-0.250275 0.250686 0.298494
-0.250275 0.250686 0.298494
-0.250275 0.250686 0.298494
-0.250275 0.250686 0.298494
-0.250275 0.250686 0.298494
-0.250275 0.250686 0.298494
-0.250275 0.250686 0.298494
-0.242691 0.243102 0.298482
-0.235107 0.235518 0.298469
-0.227523 0.227933 0.298456
-0.219939 0.220349 0.298444
-0.212355 0.212765 0.298431
-0.204771 0.205181 0.298418
-0.197187 0.197597 0.298406
-0.189603 0.190013 0.298393
-0.182018 0.182429 0.298380
-0.174434 0.174845 0.298368
-0.166850 0.167260 0.298355
-0.159266 0.159676 0.298343
-0.151682 0.152092 0.298330
-0.144098 0.144508 0.298317
-0.136514 0.136924 0.298305
-0.128930 0.129340 0.298292
-0.121346 0.121756 0.298279
-0.113762 0.114172 0.298267
-0.106177 0.106587 0.298254
-0.098593 0.099003 0.298241
-0.091009 0.091419 0.298229
-0.083425 0.083835 0.298216
-0.075841 0.076251 0.298203
-0.068257 0.068667 0.298191
-0.060673 0.061083 0.298178
-0.053089 0.053498 0.298165
-0.045505 0.045914 0.298153
-0.037921 0.038318 0.289107
-0.030336 0.030721 0.280062
-0.022752 0.023125 0.271017
-0.015168 0.015528 0.261972
-0.007584 0.007932 0.252926
0.000000 0.000335 0.243881
0.019073 -0.018750 0.234817
0.038146 -0.037836 0.225752
0.057219 -0.056921 0.216688
0.076292 -0.076007 0.207623
0.095365 -0.095092 0.198559
0.114438 -0.114178 0.189494
0.133511 -0.133263 0.180430
0.152584 -0.152348 0.171365
0.171657 -0.171434 0.162301
0.190730 -0.190519 0.153236
0.209803 -0.209605 0.144172
0.228876 -0.228690 0.135108
0.247949 -0.247776 0.126043
0.267022 -0.266861 0.116979
0.286095 -0.285947 0.107914
0.305168 -0.305032 0.098850
0.324241 -0.324117 0.089785
0.343313 -0.343203 0.080721
0.362386 -0.362288 0.071656
0.381459 -0.381374 0.062592
0.400532 -0.400459 0.053527
0.419605 -0.419545 0.044463
0.438678 -0.438630 0.035399
0.457751 -0.457716 0.026334
0.476824 -0.476801 0.017270
0.495897 -0.495886 0.008205
0.514970 -0.514972 -0.000859
0.534043 -0.534071 -0.020016
0.553116 -0.553171 -0.039173
0.572189 -0.572270 -0.058330
0.591262 -0.591369 -0.077487
0.610335 -0.610468 -0.096643
0.629408 -0.629568 -0.115800
0.629408 -0.629594 -0.134925
0.629408 -0.629620 -0.154050
0.629408 -0.629647 -0.173175
0.629408 -0.629673 -0.192300
0.629408 -0.629699 -0.211425
0.629408 -0.629725 -0.230550
0.629408 -0.629752 -0.249675
0.629408 -0.629778 -0.268800
0.629408 -0.629804 -0.287925
0.629408 -0.629831 -0.307050
0.629408 -0.629857 -0.326175
0.629408 -0.629883 -0.345300
0.629408 -0.629909 -0.364425
0.629408 -0.629936 -0.383550
0.629408 -0.629962 -0.402675
0.629408 -0.629988 -0.421800
0.629408 -0.630015 -0.440925
0.629408 -0.630041 -0.460050
0.629408 -0.630067 -0.479175
0.629408 -0.630093 -0.498300
0.629408 -0.630120 -0.517425
0.629408 -0.630146 -0.536550
0.629408 -0.630172 -0.555675
0.629408 -0.630199 -0.574800
0.629408 -0.630225 -0.593925
0.629408 -0.630251 -0.613050
0.629408 -0.630277 -0.632175
0.629408 -0.630277 -0.632175
0.629408 -0.630277 -0.632175
0.629408 -0.630277 -0.632175
0.629408 -0.630277 -0.632175
0.629408 -0.630277 -0.632175
0.629408 -0.630277 -0.632175
0.629408 -0.630277 -0.632175
0.629408 -0.630277 -0.632175
0.629408 -0.630277 -0.632175
0.629408 -0.630277 -0.632175
0.629408 -0.630277 -0.632175
0.629408 -0.630277 -0.632175
0.629408 -0.630277 -0.632175
0.629408 -0.630277 -0.632175
0.610335 -0.611204 -0.632143
0.591262 -0.592131 -0.632112
0.572189 -0.573058 -0.632080
0.553116 -0.553985 -0.632048
0.534043 -0.534912 -0.632016
0.514970 -0.515839 -0.631984
0.495897 -0.496766 -0.631952
0.476824 -0.477693 -0.631921
0.457751 -0.458620 -0.631889
0.438678 -0.439547 -0.631857
0.419605 -0.420474 -0.631825
0.400532 -0.401401 -0.631793
0.381459 -0.382328 -0.631762
0.362386 -0.363255 -0.631730
0.343313 -0.344182 -0.631698
0.324241 -0.325109 -0.631666
0.305168 -0.306036 -0.631634
0.286095 -0.286963 -0.631602
0.267022 -0.267890 -0.631571
0.247949 -0.248817 -0.631539
0.228876 -0.229744 -0.631507
0.209803 -0.210671 -0.631475
0.190730 -0.191598 -0.631443
0.171657 -0.172525 -0.631411
0.152584 -0.153451 -0.631380
0.133511 -0.134378 -0.631348
0.114438 -0.115305 -0.631316
0.095365 -0.096232 -0.631284
0.076292 -0.077159 -0.631252
0.057219 -0.058086 -0.631220
0.038146 -0.039013 -0.631189
0.019073 -0.019940 -0.631157
-0.000000 -0.000867 -0.631125
-0.030273 0.029406 -0.631074
-0.060546 0.059679 -0.631024
-0.090819 0.089952 -0.630973
-0.121092 0.120226 -0.630923
-0.151365 0.150499 -0.630872
-0.181639 0.180772 -0.630822
-0.211912 0.211045 -0.630771
-0.242185 0.241318 -0.630721
-0.272458 0.271591 -0.630670
-0.302731 0.301865 -0.630620
-0.333004 0.332138 -0.630569
-0.363277 0.362411 -0.630519
-0.393550 0.392711 -0.611343
-0.423823 0.423010 -0.592168
-0.454096 0.453309 -0.572992
-0.484369 0.483609 -0.553817
-0.514643 0.513908 -0.534641
-0.544916 0.544208 -0.515466
-0.575189 0.574507 -0.496290
-0.605462 0.604807 -0.477115
-0.635735 0.635106 -0.457939
-0.666008 0.665406 -0.438764
-0.696281 0.695705 -0.419588
-0.726554 0.726005 -0.400413
-0.756827 0.756304 -0.381237
-0.787100 0.786604 -0.362062
-0.817374 0.816903 -0.342886
-0.847647 0.847203 -0.323711
-0.877920 0.877502 -0.304535
-0.908193 0.907802 -0.285360
-0.938466 0.938101 -0.266184
-0.968739 0.968400 -0.247009
-0.999012 0.998700 -0.227833
-0.999012 0.998726 -0.208708
-0.999012 0.998753 -0.189583
-0.999012 0.998779 -0.170458
-0.999012 0.998805 -0.151333
-0.999012 0.998831 -0.132208
-0.999012 0.998858 -0.113083
-0.999012 0.998884 -0.093958
-0.999012 0.998910 -0.074833
-0.999012 0.998936 -0.055708
-0.999012 0.998963 -0.036583
-0.999012 0.998989 -0.017458
-0.999012 0.999015 0.001667
-0.999012 0.999049 0.026377
-0.999012 0.999083 0.051088
-0.999012 0.999117 0.075798
-0.999012 0.999151 0.100508
-0.999012 0.999185 0.125219
-0.999012 0.999219 0.149929
-0.999012 0.999253 0.174639
-0.999012 0.999287 0.199350
-0.999012 0.999321 0.224060
-0.999012 0.999355 0.248770
-0.999012 0.999389 0.273481
-0.999012 0.999423 0.298191
-0.999012 0.999457 0.322901
-0.999012 0.999491 0.347612
-0.999012 0.999525 0.372322
-0.999012 0.999559 0.397032
-0.999012 0.999593 0.421743
-0.999012 0.999627 0.446453
-0.999012 0.999660 0.471163
-0.999012 0.999694 0.495874
-0.999012 0.999728 0.520584
-0.999012 0.999762 0.545294
-0.999012 0.999796 0.570005
-0.999012 0.999830 0.594715
-0.999012 0.999864 0.619425
-0.999012 0.999898 0.644136
-0.999012 0.999932 0.668846
-0.999012 0.999966 0.693556
-0.999012 1.000000 0.718267
-0.968739 0.969761 0.742926
-0.938466 0.939522 0.767586
-0.908193 0.909282 0.792246
-0.877920 0.879043 0.816906
-0.847647 0.848770 0.816855
-0.817374 0.818497 0.816805
-0.787100 0.788223 0.816754
-0.756827 0.757950 0.816704
-0.726554 0.727677 0.816653
-0.696281 0.697404 0.816603
-0.666008 0.667131 0.816552
-0.635735 0.636858 0.816502
-0.605462 0.606584 0.816451
-0.575189 0.576311 0.816401
-0.544916 0.546038 0.816350
-0.514643 0.515765 0.816300
-0.484369 0.485492 0.816249
-0.454096 0.455218 0.816199
-0.423823 0.424945 0.816148
-0.393550 0.394672 0.816098
-0.363277 0.364399 0.816047
-0.333004 0.334126 0.815997
-0.302731 0.303852 0.815946
-0.272458 0.273579 0.815896
-0.242185 0.243306 0.815845
-0.211912 0.213033 0.815795
-0.181639 0.182760 0.815744
-0.151365 0.152486 0.815694
-0.121092 0.122213 0.815643
-0.090819 0.091940 0.815592
-0.060546 0.061667 0.815542
-0.030273 0.031394 0.815491
0.000000 0.001120 0.815441
0.029801 -0.028681 0.815391
0.059602 -0.058482 0.815341
0.089404 -0.088283 0.815292
0.119205 -0.118085 0.815242
0.149006 -0.147886 0.815192
0.178807 -0.177687 0.815143
0.208608 -0.207488 0.815093
0.238409 -0.237290 0.815043
0.268211 -0.267091 0.814993
0.298012 -0.296892 0.814944
0.327813 -0.326694 0.814894
0.357614 -0.356495 0.814844
0.387415 -0.386296 0.814794
0.417217 -0.416097 0.814745
0.447018 -0.445899 0.814695
0.476819 -0.475700 0.814645
0.506620 -0.505501 0.814596
0.536421 -0.535303 0.814546
0.566222 -0.565104 0.814496
0.596024 -0.594905 0.814446
0.625825 -0.624706 0.814397
0.655626 -0.654508 0.814347
0.685427 -0.684309 0.814297
0.715228 -0.714110 0.814247
0.745030 -0.743911 0.814198
0.774831 -0.773713 0.814148
0.804632 -0.803514 0.814098
0.834433 -0.833315 0.814049
0.864234 -0.863117 0.813999
0.894035 -0.892918 0.813949
0.923837 -0.922753 0.789189
0.953638 -0.952588 0.764429
0.983439 -0.982424 0.739669
0.983439 -0.982457 0.714959
0.983439 -0.982491 0.690248
0.983439 -0.982525 0.665538
0.983439 -0.982559 0.640828
0.983439 -0.982593 0.616117
0.983439 -0.982627 0.591407
0.983439 -0.982661 0.566697
0.983439 -0.982695 0.541986
0.983439 -0.982729 0.517276
0.983439 -0.982763 0.492566
0.983439 -0.982797 0.467855
0.983439 -0.982831 0.443145
0.983439 -0.982865 0.418435
0.983439 -0.982899 0.393724
0.983439 -0.982933 0.369014
0.983439 -0.982967 0.344304
0.983439 -0.983001 0.319593
0.983439 -0.983035 0.294883
0.983439 -0.983069 0.270173
0.983439 -0.983103 0.245462
0.983439 -0.983137 0.220752
0.983439 -0.983171 0.196042
0.983439 -0.983204 0.171331
0.983439 -0.983238 0.146621
0.983439 -0.983272 0.121911
0.983439 -0.983306 0.097200
0.983439 -0.983340 0.072490
0.983439 -0.983374 0.047780
0.983439 -0.983408 0.023069
0.983439 -0.983442 -0.001641
0.983439 -0.983468 -0.020798
0.983439 -0.983495 -0.039955
0.983439 -0.983521 -0.059113
0.983439 -0.983547 -0.078270
0.983439 -0.983574 -0.097427
0.983439 -0.983600 -0.116584
0.983439 -0.983626 -0.135741
0.983439 -0.983653 -0.154898
0.983439 -0.983679 -0.174056
0.983439 -0.983705 -0.193213
0.983439 -0.983732 -0.212370
0.983439 -0.983758 -0.231527
0.953638 -0.953983 -0.250634
0.923837 -0.924208 -0.269742
0.894035 -0.894433 -0.288849
0.864234 -0.864658 -0.307957
0.834433 -0.834883 -0.327064
0.804632 -0.805108 -0.346172
0.774831 -0.775333 -0.365279
0.745030 -0.745558 -0.384387
0.715228 -0.715783 -0.403494
0.685427 -0.686009 -0.422601
0.655626 -0.656234 -0.441709
0.625825 -0.626459 -0.460816
0.596024 -0.596684 -0.479924
0.566222 -0.566909 -0.499031
0.536421 -0.537134 -0.518139
0.506620 -0.507359 -0.537246
0.476819 -0.477584 -0.556353
0.447018 -0.447809 -0.575461
0.417217 -0.418034 -0.594568
0.387415 -0.388259 -0.613676
0.357614 -0.358484 -0.632783
0.327813 -0.328683 -0.632733
0.298012 -0.298881 -0.632684
0.268211 -0.269080 -0.632634
0.238409 -0.239279 -0.632584
0.208608 -0.209478 -0.632535
0.178807 -0.179676 -0.632485
0.149006 -0.149875 -0.632435
0.119205 -0.120074 -0.632385
0.089404 -0.090273 -0.632336
0.059602 -0.060471 -0.632286
0.029801 -0.030670 -0.632236
-0.000000 -0.000869 -0.632186
-0.019007 0.018138 -0.632155
-0.038014 0.037145 -0.632123
-0.057020 0.056152 -0.632091
-0.076027 0.075159 -0.632060
-0.095034 0.094165 -0.632028
-0.114041 0.113172 -0.631996
-0.133047 0.132179 -0.631964
-0.152054 0.151186 -0.631933
-0.171061 0.170193 -0.631901
-0.190068 0.189200 -0.631869
-0.209074 0.208206 -0.631838
-0.228081 0.227213 -0.631806
-0.247088 0.246220 -0.631774
-0.266095 0.265227 -0.631742
-0.285102 0.284234 -0.631711
-0.304108 0.303241 -0.631679
-0.323115 0.322247 -0.631647
-0.342122 0.341254 -0.631616
-0.361129 0.360261 -0.631584
-0.380135 0.379268 -0.631552
-0.399142 0.398275 -0.631520
-0.418149 0.417282 -0.631489
-0.437156 0.436288 -0.631457
-0.456162 0.455295 -0.631425
-0.475169 0.474302 -0.631394
-0.494176 0.493309 -0.631362
-0.513183 0.512316 -0.631330
-0.532190 0.531323 -0.631298
-0.551196 0.550329 -0.631267
-0.570203 0.569336 -0.631235
-0.589210 0.588343 -0.631203
-0.608217 0.607350 -0.631172
-0.627223 0.626357 -0.631140
-0.627223 0.626357 -0.631140
-0.627223 0.626357 -0.631140
-0.627223 0.626357 -0.631140
-0.627223 0.626357 -0.631140
-0.627223 0.626357 -0.631140
-0.627223 0.626357 -0.631140
-0.627223 0.626357 -0.631140
-0.627223 0.626357 -0.631140
-0.627223 0.626357 -0.631140
-0.627223 0.626357 -0.631140
-0.627223 0.626357 -0.631140
-0.627223 0.626357 -0.631140
-0.627223 0.626357 -0.631140
-0.627223 0.626357 -0.631140
-0.627223 0.626383 -0.611983
-0.627223 0.626409 -0.592826
-0.627223 0.626436 -0.573668
-0.627223 0.626462 -0.554511
-0.627223 0.626488 -0.535354
-0.627223 0.626515 -0.516197
-0.627223 0.626541 -0.497040
-0.627223 0.626567 -0.477883
-0.627223 0.626594 -0.458725
-0.627223 0.626620 -0.439568
-0.627223 0.626646 -0.420411
-0.627223 0.626673 -0.401254
-0.627223 0.626699 -0.382097
-0.627223 0.626725 -0.362940
-0.627223 0.626752 -0.343782
-0.627223 0.626778 -0.324625
-0.627223 0.626804 -0.305468
-0.627223 0.626831 -0.286311
-0.627223 0.626857 -0.267154
-0.627223 0.626883 -0.247997
-0.627223 0.626910 -0.228839
-0.627223 0.626936 -0.209682
-0.627223 0.626962 -0.190525
-0.627223 0.626989 -0.171368
-0.627223 0.627015 -0.152211
-0.627223 0.627041 -0.133054
-0.627223 0.627067 -0.113896
-0.608217 0.608087 -0.094771
-0.589210 0.589106 -0.075645
-0.570203 0.570126 -0.056520
-0.551196 0.551145 -0.037395
-0.532190 0.532165 -0.018269
-0.513183 0.513184 0.000856
-0.494176 0.494190 0.009908
-0.475169 0.475196 0.018960
-0.456162 0.456201 0.028012
-0.437156 0.437207 0.037064
-0.418149 0.418213 0.046116
-0.399142 0.399218 0.055168
-0.380135 0.380224 0.064220
-0.361129 0.361230 0.073272
-0.342122 0.342235 0.082324
-0.323115 0.323241 0.091376
-0.304108 0.304247 0.100428
-0.285102 0.285252 0.109480
-0.266095 0.266258 0.118532
-0.247088 0.247264 0.127583
-0.228081 0.228269 0.136635
-0.209074 0.209275 0.145687
-0.190068 0.190281 0.154739
-0.171061 0.171286 0.163791
-0.152054 0.152292 0.172843
-0.133047 0.133297 0.181895
-0.114041 0.114303 0.190947
-0.095034 0.095309 0.199999
-0.076027 0.076314 0.209051
-0.057020 0.057320 0.218103
-0.038014 0.038326 0.227155
-0.019007 0.019331 0.236207
0.000000 0.000337 0.245259
0.007609 -0.007260 0.254330
0.015218 -0.014856 0.263401
0.022828 -0.022453 0.272472
0.030437 -0.030050 0.281542
0.038046 -0.037647 0.290613
0.045655 -0.045243 0.299684
0.053264 -0.052853 0.299672
0.060874 -0.060462 0.299659
0.068483 -0.068071 0.299646
0.076092 -0.075680 0.299634
0.083701 -0.083290 0.299621
0.091310 -0.090899 0.299608
0.098920 -0.098508 0.299595
0.106529 -0.106117 0.299583
0.114138 -0.113726 0.299570
0.121747 -0.121336 0.299557
0.129356 -0.128945 0.299545
0.136966 -0.136554 0.299532
0.144575 -0.144163 0.299519
0.152184 -0.151773 0.299507
0.159793 -0.159382 0.299494
0.167402 -0.166991 0.299481
0.175012 -0.174600 0.299469
0.182621 -0.182210 0.299456
0.190230 -0.189819 0.299443
0.197839 -0.197428 0.299430
0.205448 -0.205037 0.299418
0.213058 -0.212646 0.299405
0.220667 -0.220256 0.299392
0.228276 -0.227865 0.299380
0.235885 -0.235474 0.299367
0.243494 -0.243083 0.299354
0.251104 -0.250693 0.299342
0.251104 -0.250693 0.299342
0.251104 -0.250693 0.299342
0.251104 -0.250693 0.299342
0.251104 -0.250693 0.299342
0.251104 -0.250693 0.299342
0.251104 -0.250693 0.299342
0.251104 -0.250693 0.299342
0.251104 -0.250693 0.299342
0.251104 -0.250693 0.299342
0.251104 -0.250693 0.299342
0.251104 -0.250693 0.299342
0.251104 -0.250693 0.299342
0.251104 -0.250693 0.299342
0.251104 -0.250693 0.299342
0.251104 -0.250693 0.299342
0.251104 -0.250693 0.299342
0.251104 -0.250693 0.299342
0.251104 -0.250693 0.299342
0.251104 -0.250693 0.299342
0.251104 -0.250693 0.299342
0.251104 -0.250693 0.299342
0.251104 -0.250693 0.299342
0.251104 -0.250693 0.299342
0.251104 -0.250693 0.299342
0.251104 -0.250693 0.299342
0.251104 -0.250693 0.299342
0.251104 -0.250693 0.299342
0.251104 -0.250693 0.299342
0.251104 -0.250693 0.299342
0.251104 -0.250693 0.299342
0.251104 -0.250693 0.299342
0.251104 -0.250693 0.299342
0.251104 -0.250705 0.290258
0.251104 -0.250718 0.281174
0.251104 -0.250730 0.272091
0.251104 -0.250742 0.263007
0.251104 -0.250755 0.253923
0.251104 -0.250767 0.244840
0.251104 -0.250780 0.235756
0.251104 -0.250792 0.226672
0.251104 -0.250805 0.217589
0.243494 -0.243208 0.208518
0.235885 -0.235611 0.199447
0.228276 -0.228015 0.190376
0.220667 -0.220418 0.181305
0.213058 -0.212821 0.172234
0.205448 -0.205224 0.163163
0.197839 -0.197628 0.154092
0.190230 -0.190031 0.145021
0.182621 -0.182434 0.135950
0.175012 -0.174837 0.126879
0.167402 -0.167241 0.117808
0.159793 -0.159644 0.108737
0.152184 -0.152047 0.099666
0.144575 -0.144450 0.090595
0.136966 -0.136854 0.081524
0.129356 -0.129257 0.072453
0.121747 -0.121660 0.063382
0.114138 -0.114063 0.054311
0.106529 -0.106467 0.045241
0.098920 -0.098870 0.036170
0.091310 -0.091273 0.027099
0.083701 -0.083677 0.018028
0.076092 -0.076080 0.008957
0.068483 -0.068483 -0.000114
0.060874 -0.060884 -0.007333
0.053264 -0.053284 -0.014552
0.045655 -0.045685 -0.021770
0.038046 -0.038086 -0.028989
0.030437 -0.030487 -0.036207
0.022828 -0.022887 -0.043426
0.015218 -0.015288 -0.050645
0.007609 -0.007689 -0.057863
-0.000000 -0.000089 -0.065082
-0.006007 0.005908 -0.072303
-0.012014 0.011905 -0.079524
-0.018021 0.017902 -0.086746
-0.024028 0.023899 -0.093967
-0.030035 0.029896 -0.101188
-0.036043 0.035894 -0.108410
-0.042050 0.041891 -0.115631
-0.048057 0.047888 -0.122852
-0.054064 0.053885 -0.130073
-0.060071 0.059882 -0.137295
-0.066078 0.065879 -0.144516
-0.072085 0.071877 -0.151737
-0.078092 0.077874 -0.158959
-0.084099 0.083871 -0.166180
-0.090106 0.089868 -0.173401
-0.096113 0.095865 -0.180623
-0.102121 0.101862 -0.187844
-0.108128 0.107860 -0.195065
-0.114135 0.113857 -0.202286
-0.120142 0.119854 -0.209508
-0.126149 0.125851 -0.216729
-0.132156 0.131858 -0.216719
-0.138163 0.137865 -0.216709
-0.144170 0.143882 -0.209468
-0.150177 0.149899 -0.202226
-0.150177 0.149909 -0.194995
-0.150177 0.149919 -0.187764
-0.150177 0.149929 -0.180532
-0.144170 0.143932 -0.173311
-0.138163 0.137935 -0.166090
-0.132156 0.131938 -0.158868
-0.126149 0.125941 -0.151647
-0.120142 0.119943 -0.144426
-0.114135 0.113946 -0.137205
-0.108128 0.107949 -0.129983
-0.102121 0.101952 -0.122762
-0.096113 0.095955 -0.115541
-0.090106 0.089958 -0.108319
-0.084099 0.083960 -0.101098
-0.078092 0.077963 -0.093877
-0.072085 0.071966 -0.086656
-0.066078 0.065969 -0.079434
-0.060071 0.059972 -0.072213
-0.054064 0.053975 -0.064992
-0.048057 0.047977 -0.057770
-0.042050 0.041980 -0.050549
-0.036043 0.035983 -0.043328
-0.030035 0.029986 -0.036106
-0.024028 0.023989 -0.028885
-0.018021 0.017992 -0.021664
-0.012014 0.011994 -0.014443
-0.006007 0.005997 -0.007221
0.000000 0.000000 0.000000
