    1702
0.000000 0.000000 0.000000
0.008473 0.008440 0.009436
0.016946 0.016880 0.018871
0.025419 0.025321 0.028307
0.033892 0.033761 0.037743
0.042365 0.042201 0.047178
0.050838 0.050641 0.056614
0.059311 0.059082 0.066050
0.067784 0.067522 0.075485
0.076257 0.075962 0.084921
0.084730 0.084402 0.094357
0.093203 0.092842 0.103792
0.101676 0.101283 0.113228
0.110149 0.109723 0.122664
0.118623 0.118163 0.132099
0.127096 0.126603 0.141535
0.135569 0.135044 0.150971
0.144042 0.143484 0.160406
0.152515 0.151924 0.169842
0.160988 0.160364 0.179277
0.169461 0.168805 0.188713
0.177934 0.177245 0.198149
0.186407 0.185685 0.207584
0.194880 0.194125 0.217020
0.203353 0.202565 0.226456
0.211826 0.211006 0.235891
0.220299 0.219446 0.245327
0.228772 0.227886 0.254763
0.237245 0.236326 0.264198
0.245718 0.244767 0.273634
0.254191 0.253207 0.283070
0.254191 0.253174 0.292538
0.254191 0.253141 0.302007
0.254191 0.253108 0.311476
0.245718 0.244635 0.311509
0.237245 0.236161 0.311542
0.228772 0.227688 0.311575
0.220299 0.219215 0.311608
0.211826 0.210742 0.311641
0.203353 0.202269 0.311674
0.194880 0.193795 0.311706
0.186407 0.185322 0.311739
0.177934 0.176849 0.311772
0.169461 0.168376 0.311805
0.160988 0.159936 0.302370
0.152515 0.151495 0.292934
0.144042 0.143055 0.283498
0.135569 0.134615 0.274063
0.127096 0.126175 0.264627
0.118623 0.117734 0.255191
0.110149 0.109294 0.245756
0.101676 0.100854 0.236320
0.093203 0.092414 0.226885
0.084730 0.083974 0.217449
0.076257 0.075533 0.208013
0.067784 0.067093 0.198578
0.059311 0.058653 0.189142
0.050838 0.050213 0.179706
0.042365 0.041772 0.170271
0.033892 0.033332 0.160835
0.025419 0.024892 0.151399
0.016946 0.016452 0.141964
0.008473 0.008012 0.132528
-0.000000 -0.000429 0.123092
-0.011053 -0.011449 0.113667
-0.022106 -0.022470 0.104241
-0.033160 -0.033490 0.094815
-0.044213 -0.044511 0.085390
-0.055266 -0.055531 0.075964
-0.066319 -0.066551 0.066539
-0.077373 -0.077572 0.057113
-0.088426 -0.088592 0.047687
-0.099479 -0.099613 0.038262
-0.110532 -0.110633 0.028836
-0.121585 -0.121654 0.019411
-0.132639 -0.132674 0.009985
-0.143692 -0.143695 0.000559
-0.154745 -0.154705 -0.011763
-0.165798 -0.165715 -0.024086
-0.176851 -0.176726 -0.036409
-0.187905 -0.187736 -0.048731
-0.198958 -0.198746 -0.061054
-0.210011 -0.209757 -0.073377
-0.221064 -0.220767 -0.085699
-0.232118 -0.231778 -0.098022
-0.243171 -0.242788 -0.110345
-0.254224 -0.253798 -0.122668
-0.265277 -0.264809 -0.134990
-0.276330 -0.275819 -0.147313
-0.287384 -0.286829 -0.159636
-0.298437 -0.297840 -0.171958
-0.309490 -0.308850 -0.184281
-0.320543 -0.319861 -0.196604
-0.331597 -0.330871 -0.208926
-0.342650 -0.341881 -0.221249
-0.353703 -0.352892 -0.233572
-0.364756 -0.363902 -0.245894
-0.364756 -0.363859 -0.258260
-0.364756 -0.363816 -0.270626
-0.364756 -0.363773 -0.282991
-0.364756 -0.363730 -0.295357
-0.364756 -0.363687 -0.307723
-0.364756 -0.363644 -0.320089
-0.364756 -0.363601 -0.332454
-0.364756 -0.363557 -0.344820
-0.364756 -0.363514 -0.357186
-0.364756 -0.363471 -0.369551
-0.364756 -0.363428 -0.381917
-0.364756 -0.363385 -0.394283
-0.364756 -0.363342 -0.406648
-0.364756 -0.363342 -0.406648
-0.364756 -0.363342 -0.406648
-0.364756 -0.363342 -0.406648
-0.364756 -0.363342 -0.406648
-0.364756 -0.363342 -0.406648
-0.364756 -0.363342 -0.406648
-0.364756 -0.363342 -0.406648
-0.364756 -0.363342 -0.406648
-0.364756 -0.363342 -0.406648
-0.364756 -0.363342 -0.406648
-0.364756 -0.363342 -0.406648
-0.364756 -0.363342 -0.406648
-0.364756 -0.363342 -0.406648
-0.364756 -0.363342 -0.406648
-0.364756 -0.363342 -0.406648
-0.364756 -0.363342 -0.406648
-0.364756 -0.363342 -0.406648
-0.364756 -0.363342 -0.406648
-0.364756 -0.363342 -0.406648
-0.364756 -0.363342 -0.406648
-0.364756 -0.363342 -0.406648
-0.364756 -0.363342 -0.406648
-0.364756 -0.363342 -0.406648
-0.364756 -0.363342 -0.406648
-0.364756 -0.363342 -0.406648
-0.364756 -0.363342 -0.406648
-0.364756 -0.363342 -0.406648
-0.364756 -0.363342 -0.406648
-0.364756 -0.363342 -0.406648
-0.364756 -0.363342 -0.406648
-0.364756 -0.363342 -0.406648
-0.364756 -0.363342 -0.406648
-0.364756 -0.363342 -0.406648
-0.364756 -0.363342 -0.406648
-0.364756 -0.363342 -0.406648
-0.364756 -0.363342 -0.406648
-0.364756 -0.363342 -0.406648
-0.364756 -0.363342 -0.406648
-0.364756 -0.363342 -0.406648
-0.364756 -0.363342 -0.406648
-0.364756 -0.363342 -0.406648
-0.364756 -0.363342 -0.406648
-0.364756 -0.363342 -0.406648
-0.364756 -0.363342 -0.406648
-0.364756 -0.363342 -0.406648
-0.364756 -0.363342 -0.406648
-0.353703 -0.352289 -0.406691
-0.342650 -0.341235 -0.406734
-0.331597 -0.330182 -0.406777
-0.320543 -0.319128 -0.406821
-0.309490 -0.308075 -0.406864
-0.298437 -0.297021 -0.406907
-0.287384 -0.285968 -0.406950
-0.276330 -0.274915 -0.406993
-0.265277 -0.263861 -0.407036
-0.254224 -0.252808 -0.407079
-0.243171 -0.241754 -0.407122
-0.232118 -0.230701 -0.407165
-0.221064 -0.219647 -0.407208
-0.210011 -0.208594 -0.407251
-0.198958 -0.197541 -0.407294
-0.187905 -0.186487 -0.407337
-0.176851 -0.175434 -0.407380
-0.165798 -0.164380 -0.407423
-0.154745 -0.153327 -0.407466
-0.143692 -0.142273 -0.407509
-0.132639 -0.131220 -0.407552
-0.121585 -0.120167 -0.407595
-0.110532 -0.109113 -0.407638
-0.099479 -0.098060 -0.407681
-0.088426 -0.087006 -0.407724
-0.077373 -0.075953 -0.407767
-0.066319 -0.064899 -0.407810
-0.055266 -0.053846 -0.407853
-0.044213 -0.042792 -0.407896
-0.033160 -0.031739 -0.407939
-0.022106 -0.020686 -0.407982
-0.011053 -0.009632 -0.408025
0.000000 0.001421 -0.408068
0.023403 0.024825 -0.408159
0.046806 0.048229 -0.408250
0.070210 0.071632 -0.408341
0.093613 0.095036 -0.408432
0.117016 0.118397 -0.396158
0.140419 0.141757 -0.383883
0.163823 0.165118 -0.371609
0.187226 0.188479 -0.359334
0.210629 0.211839 -0.347059
0.234032 0.235200 -0.334785
0.257436 0.258561 -0.322510
0.280839 0.281921 -0.310236
0.304242 0.305282 -0.297961
0.327645 0.328642 -0.285686
0.351049 0.352003 -0.273412
0.374452 0.375364 -0.261137
0.397855 0.398724 -0.248863
0.421258 0.422085 -0.236588
0.444662 0.445446 -0.224313
0.468065 0.468806 -0.212039
0.491468 0.492167 -0.199764
0.514871 0.515527 -0.187489
0.538275 0.538888 -0.175215
0.561678 0.562249 -0.162940
0.585081 0.585609 -0.150666
0.608484 0.608970 -0.138391
0.631888 0.632331 -0.126116
0.655291 0.655691 -0.113842
0.678694 0.679052 -0.101567
0.702097 0.702413 -0.089293
0.725501 0.725773 -0.077018
0.748904 0.749134 -0.064743
0.772307 0.772494 -0.052469
0.772307 0.772451 -0.040103
0.772307 0.772408 -0.027737
0.772307 0.772365 -0.015372
0.772307 0.772322 -0.003006
0.772307 0.772249 0.018044
0.772307 0.772176 0.039095
0.772307 0.772102 0.060145
0.772307 0.772029 0.081196
0.772307 0.771956 0.102246
0.772307 0.771882 0.123296
0.772307 0.771809 0.144347
0.772307 0.771736 0.165397
0.772307 0.771662 0.186447
0.772307 0.771589 0.207498
0.772307 0.771516 0.228548
0.772307 0.771442 0.249599
0.772307 0.771369 0.270649
0.772307 0.771296 0.291699
0.772307 0.771222 0.312750
0.772307 0.771149 0.333800
0.772307 0.771076 0.354850
0.772307 0.771002 0.375901
0.772307 0.770929 0.396951
0.772307 0.770856 0.418002
0.772307 0.770783 0.439052
0.772307 0.770709 0.460102
0.772307 0.770636 0.481153
0.772307 0.770563 0.502203
0.772307 0.770489 0.523253
0.772307 0.770416 0.544304
0.772307 0.770343 0.565354
0.772307 0.770269 0.586405
0.772307 0.770196 0.607455
0.772307 0.770123 0.628505
0.772307 0.770049 0.649556
0.772307 0.769976 0.670606
0.772307 0.769903 0.691656
0.772307 0.769903 0.691656
0.772307 0.769903 0.691656
0.772307 0.769903 0.691656
0.772307 0.769903 0.691656
0.772307 0.769903 0.691656
0.772307 0.769903 0.691656
0.772307 0.769903 0.691656
0.772307 0.769903 0.691656
0.772307 0.769903 0.691656
0.772307 0.769903 0.691656
0.772307 0.769903 0.691656
0.772307 0.769903 0.691656
0.772307 0.769903 0.691656
0.772307 0.769903 0.691656
0.772307 0.769903 0.691656
0.772307 0.769903 0.691656
0.772307 0.769903 0.691656
0.772307 0.769903 0.691656
0.772307 0.769903 0.691656
0.772307 0.769903 0.691656
0.772307 0.769903 0.691656
0.772307 0.769903 0.691656
0.748904 0.746499 0.691747
0.725501 0.723095 0.691839
0.702097 0.699692 0.691930
0.678694 0.676288 0.692021
0.655291 0.652884 0.692112
0.631888 0.629481 0.692203
0.608484 0.606077 0.692294
0.585081 0.582673 0.692385
0.561678 0.559269 0.692476
0.538275 0.535866 0.692567
0.514871 0.512462 0.692658
0.491468 0.489058 0.692749
0.468065 0.465655 0.692841
0.444662 0.442251 0.692932
0.421258 0.418847 0.693023
0.397855 0.395443 0.693114
0.374452 0.372040 0.693205
0.351049 0.348636 0.693296
0.327645 0.325232 0.693387
0.304242 0.301829 0.693478
0.280839 0.278425 0.693569
0.257436 0.255021 0.693660
0.234032 0.231618 0.693751
0.210629 0.208214 0.693843
0.187226 0.184810 0.693934
0.163823 0.161406 0.694025
0.140419 0.138003 0.694116
0.117016 0.114599 0.694207
0.093613 0.091195 0.694298
0.070210 0.067792 0.694389
0.046806 0.044388 0.694480
0.023403 0.020984 0.694571
-0.000000 -0.002419 0.694662
-0.030238 -0.032658 0.694780
-0.060476 -0.062897 0.694898
-0.090714 -0.093135 0.695015
-0.120952 -0.123374 0.695133
-0.151190 -0.153612 0.695251
-0.181428 -0.183851 0.695368
-0.211666 -0.214090 0.695486
-0.241904 -0.244328 0.695604
-0.272142 -0.274567 0.695722
-0.302380 -0.304805 0.695839
-0.332618 -0.335044 0.695957
-0.362856 -0.365283 0.696075
-0.393094 -0.395521 0.696192
-0.423332 -0.425760 0.696310
-0.453570 -0.455998 0.696428
-0.483808 -0.486237 0.696545
-0.514046 -0.516476 0.696663
-0.544284 -0.546714 0.696781
-0.574522 -0.576953 0.696898
-0.604760 -0.607191 0.697016
-0.634998 -0.637430 0.697134
-0.665236 -0.667669 0.697252
-0.695474 -0.697907 0.697369
-0.725712 -0.728146 0.697487
-0.755950 -0.758384 0.697605
-0.786188 -0.788623 0.697722
-0.816426 -0.818862 0.697840
-0.846664 -0.849100 0.697958
-0.876902 -0.879339 0.698075
-0.907140 -0.909504 0.677143
-0.937378 -0.939669 0.656210
-0.967616 -0.969835 0.635277
-0.997854 -1.000000 0.614345
-0.997854 -0.999927 0.593294
-0.997854 -0.999853 0.572244
-0.997854 -0.999780 0.551194
-0.997854 -0.999707 0.530143
-0.997854 -0.999633 0.509093
-0.997854 -0.999560 0.488042
-0.997854 -0.999487 0.466992
-0.997854 -0.999413 0.445942
-0.997854 -0.999340 0.424891
-0.997854 -0.999267 0.403841
-0.997854 -0.999194 0.382791
-0.997854 -0.999120 0.361740
-0.997854 -0.999047 0.340690
-0.997854 -0.998974 0.319639
-0.997854 -0.998900 0.298589
-0.997854 -0.998827 0.277539
-0.997854 -0.998754 0.256488
-0.997854 -0.998680 0.235438
-0.997854 -0.998607 0.214388
-0.997854 -0.998534 0.193337
-0.997854 -0.998460 0.172287
-0.997854 -0.998387 0.151236
-0.997854 -0.998314 0.130186
-0.997854 -0.998240 0.109136
-0.997854 -0.998167 0.088085
-0.997854 -0.998094 0.067035
-0.997854 -0.998020 0.045985
-0.997854 -0.997947 0.024934
-0.997854 -0.997874 0.003884
-0.997854 -0.997801 -0.017126
-0.997854 -0.997727 -0.038136
-0.997854 -0.997654 -0.059146
-0.997854 -0.997581 -0.080156
-0.997854 -0.997508 -0.101166
-0.997854 -0.997435 -0.122176
-0.997854 -0.997362 -0.143186
-0.997854 -0.997288 -0.164196
-0.997854 -0.997215 -0.185206
-0.997854 -0.997142 -0.206216
-0.997854 -0.997069 -0.227226
-0.997854 -0.996996 -0.248236
-0.997854 -0.996923 -0.269246
-0.997854 -0.996849 -0.290256
-0.997854 -0.996776 -0.311266
-0.997854 -0.996703 -0.332276
-0.997854 -0.996630 -0.353286
-0.997854 -0.996557 -0.374296
-0.997854 -0.996483 -0.395306
-0.997854 -0.996410 -0.416315
-0.997854 -0.996337 -0.437325
-0.997854 -0.996264 -0.458335
-0.997854 -0.996191 -0.479345
-0.997854 -0.996118 -0.500355
-0.997854 -0.996044 -0.521365
-0.997854 -0.995971 -0.542375
-0.997854 -0.995898 -0.563385
-0.997854 -0.995825 -0.584395
-0.997854 -0.995752 -0.605405
-0.997854 -0.995679 -0.626415
-0.967616 -0.965367 -0.647543
-0.937378 -0.935055 -0.668670
-0.907140 -0.904743 -0.689798
-0.876902 -0.874505 -0.689916
-0.846664 -0.844266 -0.690033
-0.816426 -0.814027 -0.690151
-0.786188 -0.783789 -0.690269
-0.755950 -0.753550 -0.690387
-0.725712 -0.723312 -0.690504
-0.695474 -0.693073 -0.690622
-0.665236 -0.662834 -0.690740
-0.634998 -0.632596 -0.690857
-0.604760 -0.602357 -0.690975
-0.574522 -0.572119 -0.691093
-0.544284 -0.541880 -0.691210
-0.514046 -0.511641 -0.691328
-0.483808 -0.481403 -0.691446
-0.453570 -0.451164 -0.691563
-0.423332 -0.420926 -0.691681
-0.393094 -0.390687 -0.691799
-0.362856 -0.360448 -0.691917
-0.332618 -0.330210 -0.692034
-0.302380 -0.299971 -0.692152
-0.272142 -0.269733 -0.692270
-0.241904 -0.239494 -0.692387
-0.211666 -0.209255 -0.692505
-0.181428 -0.179017 -0.692623
-0.151190 -0.148778 -0.692740
-0.120952 -0.118540 -0.692858
-0.090714 -0.088301 -0.692976
-0.060476 -0.058062 -0.693093
-0.030238 -0.027824 -0.693211
0.000000 0.002415 -0.693329
0.023443 0.025858 -0.693420
0.046885 0.049301 -0.693511
0.070328 0.072744 -0.693603
0.093770 0.096187 -0.693694
0.117213 0.119630 -0.693785
0.140656 0.143073 -0.693876
0.164098 0.166516 -0.693968
0.187541 0.189959 -0.694059
0.210983 0.213402 -0.694150
0.234426 0.236845 -0.694241
0.257869 0.260289 -0.694332
0.281311 0.283732 -0.694424
0.304754 0.307175 -0.694515
0.328196 0.330618 -0.694606
0.351639 0.354061 -0.694697
0.375082 0.377504 -0.694789
0.398524 0.400947 -0.694880
0.421967 0.424390 -0.694971
0.445409 0.447833 -0.695062
0.468852 0.471276 -0.695154
0.492295 0.494719 -0.695245
0.515737 0.518162 -0.695336
0.539180 0.541605 -0.695427
0.562623 0.565048 -0.695519
0.586065 0.588491 -0.695610
0.609508 0.611934 -0.695701
0.632950 0.635378 -0.695792
0.656393 0.658821 -0.695884
0.679836 0.682264 -0.695975
0.703278 0.705707 -0.696066
0.726721 0.729150 -0.696157
0.750163 0.752593 -0.696249
0.773606 0.776036 -0.696340
0.773606 0.776036 -0.696340
0.773606 0.776036 -0.696340
0.773606 0.776036 -0.696340
0.773606 0.776036 -0.696340
0.773606 0.776036 -0.696340
0.773606 0.776036 -0.696340
0.773606 0.776036 -0.696340
0.773606 0.776036 -0.696340
0.773606 0.776036 -0.696340
0.773606 0.776036 -0.696340
0.773606 0.776036 -0.696340
0.773606 0.776036 -0.696340
0.773606 0.776036 -0.696340
0.773606 0.776036 -0.696340
0.773606 0.776036 -0.696340
0.773606 0.776036 -0.696340
0.773606 0.776036 -0.696340
0.773606 0.776036 -0.696340
0.773606 0.776036 -0.696340
0.773606 0.776036 -0.696340
0.773606 0.776036 -0.696340
0.773606 0.775963 -0.675330
0.773606 0.775890 -0.654320
0.773606 0.775816 -0.633310
0.773606 0.775743 -0.612300
0.773606 0.775670 -0.591290
0.773606 0.775597 -0.570280
0.773606 0.775524 -0.549270
0.773606 0.775451 -0.528260
0.773606 0.775377 -0.507250
0.773606 0.775304 -0.486240
0.773606 0.775231 -0.465230
0.773606 0.775158 -0.444220
0.773606 0.775085 -0.423210
0.773606 0.775011 -0.402200
0.773606 0.774938 -0.381190
0.773606 0.774865 -0.360180
0.773606 0.774792 -0.339170
0.773606 0.774719 -0.318160
0.773606 0.774646 -0.297150
0.773606 0.774572 -0.276141
0.773606 0.774499 -0.255131
0.773606 0.774426 -0.234121
0.773606 0.774353 -0.213111
0.773606 0.774280 -0.192101
0.773606 0.774207 -0.171091
0.773606 0.774133 -0.150081
0.773606 0.774060 -0.129071
0.773606 0.773987 -0.108061
0.773606 0.773914 -0.087051
0.773606 0.773841 -0.066041
0.773606 0.773767 -0.045031
0.773606 0.773694 -0.024021
0.773606 0.773621 -0.003011
0.773606 0.773579 0.009209
0.773606 0.773536 0.021429
0.773606 0.773493 0.033649
0.773606 0.773451 0.045869
0.773606 0.773408 0.058089
0.750163 0.749923 0.070400
0.726721 0.726437 0.082712
0.703278 0.702951 0.095023
0.679836 0.679466 0.107334
0.656393 0.655980 0.119645
0.632950 0.632495 0.131957
0.609508 0.609009 0.144268
0.586065 0.585523 0.156579
0.562623 0.562038 0.168890
0.539180 0.538552 0.181202
0.515737 0.515066 0.193513
0.492295 0.491581 0.205824
0.468852 0.468095 0.218136
0.445409 0.444610 0.230447
0.421967 0.421124 0.242758
0.398524 0.397638 0.255069
0.375082 0.374153 0.267381
0.351639 0.350667 0.279692
0.328196 0.327181 0.292003
0.304754 0.303696 0.304314
0.281311 0.280210 0.316626
0.257869 0.256725 0.328937
0.234426 0.233239 0.341248
0.210983 0.209753 0.353559
0.187541 0.186268 0.365871
0.164098 0.162782 0.378182
0.140656 0.139296 0.390493
0.117213 0.115811 0.402804
0.093770 0.092368 0.402896
0.070328 0.068925 0.402987
0.046885 0.045482 0.403078
0.023443 0.022039 0.403169
-0.000000 -0.001405 0.403261
-0.011116 -0.012520 0.403304
-0.022231 -0.023636 0.403347
-0.033347 -0.034752 0.403390
-0.044463 -0.045868 0.403434
-0.055578 -0.056984 0.403477
-0.066694 -0.068100 0.403520
-0.077810 -0.079216 0.403564
-0.088925 -0.090332 0.403607
-0.100041 -0.101447 0.403650
-0.111157 -0.112563 0.403693
-0.122272 -0.123679 0.403737
-0.133388 -0.134795 0.403780
-0.144504 -0.145911 0.403823
-0.155619 -0.157027 0.403866
-0.166735 -0.168143 0.403910
-0.177851 -0.179259 0.403953
-0.188966 -0.190374 0.403996
-0.200082 -0.201490 0.404039
-0.211197 -0.212606 0.404083
-0.222313 -0.223722 0.404126
-0.233429 -0.234838 0.404169
-0.244544 -0.245954 0.404212
-0.255660 -0.257070 0.404256
-0.266776 -0.268186 0.404299
-0.277891 -0.279301 0.404342
-0.289007 -0.290417 0.404386
-0.300123 -0.301533 0.404429
-0.311238 -0.312649 0.404472
-0.322354 -0.323765 0.404515
-0.333470 -0.334881 0.404559
-0.344585 -0.345997 0.404602
-0.355701 -0.357113 0.404645
-0.366817 -0.368228 0.404688
-0.366817 -0.368228 0.404688
-0.366817 -0.368228 0.404688
-0.366817 -0.368228 0.404688
-0.366817 -0.368228 0.404688
-0.366817 -0.368228 0.404688
-0.366817 -0.368228 0.404688
-0.366817 -0.368228 0.404688
-0.366817 -0.368228 0.404688
-0.366817 -0.368228 0.404688
-0.366817 -0.368228 0.404688
-0.366817 -0.368228 0.404688
-0.366817 -0.368228 0.404688
-0.366817 -0.368228 0.404688
-0.366817 -0.368228 0.404688
-0.366817 -0.368228 0.404688
-0.366817 -0.368228 0.404688
-0.366817 -0.368228 0.404688
-0.366817 -0.368228 0.404688
-0.366817 -0.368228 0.404688
-0.366817 -0.368228 0.404688
-0.366817 -0.368228 0.404688
-0.366817 -0.368228 0.404688
-0.366817 -0.368228 0.404688
-0.366817 -0.368228 0.404688
-0.366817 -0.368228 0.404688
-0.366817 -0.368228 0.404688
-0.366817 -0.368228 0.404688
-0.366817 -0.368228 0.404688
-0.366817 -0.368228 0.404688
-0.366817 -0.368228 0.404688
-0.366817 -0.368228 0.404688
-0.366817 -0.368228 0.404688
-0.366817 -0.368228 0.404688
-0.366817 -0.368228 0.404688
-0.366817 -0.368228 0.404688
-0.366817 -0.368228 0.404688
-0.366817 -0.368228 0.404688
-0.366817 -0.368228 0.404688
-0.366817 -0.368228 0.404688
-0.366817 -0.368228 0.404688
-0.366817 -0.368228 0.404688
-0.366817 -0.368228 0.404688
-0.366817 -0.368228 0.404688
-0.366817 -0.368228 0.404688
-0.366817 -0.368228 0.404688
-0.366817 -0.368228 0.404688
-0.366817 -0.368186 0.392468
-0.366817 -0.368143 0.380248
-0.366817 -0.368101 0.368028
-0.366817 -0.368058 0.355808
-0.366817 -0.368016 0.343588
-0.366817 -0.367973 0.331368
-0.366817 -0.367930 0.319148
-0.366817 -0.367888 0.306928
-0.366817 -0.367845 0.294708
-0.366817 -0.367803 0.282488
-0.366817 -0.367760 0.270268
-0.366817 -0.367718 0.258048
-0.366817 -0.367675 0.245828
-0.355701 -0.356517 0.233565
-0.344585 -0.345358 0.221302
-0.333470 -0.334200 0.209038
-0.322354 -0.323041 0.196775
-0.311238 -0.311883 0.184512
-0.300123 -0.300724 0.172248
-0.289007 -0.289566 0.159985
-0.277891 -0.278408 0.147722
-0.266776 -0.267249 0.135459
-0.255660 -0.256091 0.123195
-0.244544 -0.244932 0.110932
-0.233429 -0.233774 0.098669
-0.222313 -0.222615 0.086405
-0.211197 -0.211457 0.074142
-0.200082 -0.200299 0.061879
-0.188966 -0.189140 0.049616
-0.177851 -0.177982 0.037352
-0.166735 -0.166823 0.025089
-0.155619 -0.155665 0.012826
-0.144504 -0.144506 0.000562
-0.133388 -0.133357 -0.009176
-0.122272 -0.122207 -0.018915
-0.111157 -0.111057 -0.028653
-0.100041 -0.099908 -0.038392
-0.088925 -0.088758 -0.048130
-0.077810 -0.077609 -0.057869
-0.066694 -0.066459 -0.067607
-0.055578 -0.055309 -0.077346
-0.044463 -0.044160 -0.087084
-0.033347 -0.033010 -0.096823
-0.022231 -0.021860 -0.106561
-0.011116 -0.010711 -0.116300
0.000000 0.000439 -0.126038
0.008849 0.009322 -0.135768
0.017698 0.018205 -0.145498
0.026547 0.027088 -0.155227
0.035396 0.035971 -0.164957
0.044245 0.044853 -0.174687
0.053094 0.053736 -0.184416
0.061943 0.062619 -0.194146
0.070792 0.071502 -0.203876
0.079641 0.080385 -0.213605
0.088490 0.089268 -0.223335
0.097338 0.098151 -0.233065
0.106187 0.107034 -0.242794
0.115036 0.115917 -0.252524
0.123885 0.124800 -0.262254
0.132734 0.133682 -0.271984
0.141583 0.142565 -0.281713
0.150432 0.151448 -0.291443
0.159281 0.160331 -0.301173
0.168130 0.169214 -0.310902
0.176979 0.178097 -0.320632
0.185828 0.186946 -0.320666
0.194677 0.195795 -0.320701
0.203526 0.204644 -0.320735
0.212375 0.213493 -0.320770
0.221224 0.222343 -0.320804
0.230073 0.231192 -0.320839
0.238922 0.240041 -0.320873
0.247771 0.248890 -0.320908
0.256620 0.257739 -0.320942
0.265469 0.266554 -0.311281
0.265469 0.266521 -0.301586
0.265469 0.266487 -0.291891
0.256620 0.257604 -0.282161
0.247771 0.248721 -0.272431
0.238922 0.239838 -0.262702
0.230073 0.230955 -0.252972
0.221224 0.222072 -0.243242
0.212375 0.213189 -0.233513
0.203526 0.204307 -0.223783
0.194677 0.195424 -0.214053
0.185828 0.186541 -0.204323
0.176979 0.177658 -0.194594
0.168130 0.168775 -0.184864
0.159281 0.159892 -0.175134
0.150432 0.151009 -0.165405
0.141583 0.142126 -0.155675
0.132734 0.133243 -0.145945
0.123885 0.124361 -0.136216
0.115036 0.115478 -0.126486
0.106187 0.106595 -0.116756
0.097338 0.097712 -0.107027
0.088490 0.088829 -0.097297
0.079641 0.079946 -0.087567
0.070792 0.071063 -0.077838
0.061943 0.062180 -0.068108
0.053094 0.053297 -0.058378
0.044245 0.044414 -0.048648
0.035396 0.035532 -0.038919
0.026547 0.026649 -0.029189
0.017698 0.017766 -0.019459
0.008849 0.008883 -0.009730
0.000000 0.000000 0.000000
0.000000 0.000000 0.000000
0.000000 0.000000 0.000000
0.000000 0.000000 0.000000
0.000000 0.000000 0.000000
0.000000 0.000000 0.000000
0.000000 0.000000 0.000000
0.000000 0.000000 0.000000
0.000000 0.000000 0.000000
0.000000 0.000000 0.000000
0.000000 0.000000 0.000000
0.000000 0.000000 0.000000
0.000000 0.000000 0.000000
0.000000 0.000000 0.000000
0.000000 0.000000 0.000000
0.000000 0.000000 0.000000
0.000000 0.000000 0.000000
0.000000 0.000000 0.000000
0.000000 0.000000 0.000000
0.000000 0.000000 0.000000
0.000000 0.000000 0.000000
0.000000 0.000000 0.000000
0.000000 0.000000 0.000000
0.000000 0.000000 0.000000
0.000000 0.000000 0.000000
0.000000 0.000000 0.000000
0.000000 0.000000 0.000000
0.000000 0.000000 0.000000
0.000000 0.000000 0.000000
0.000000 0.000000 0.000000
0.000000 0.000000 0.000000
0.000000 0.000000 0.000000
0.000000 0.000000 0.000000
0.000000 0.000000 0.000000
0.000000 0.000000 0.000000
0.000000 0.000000 0.000000
0.000000 0.000000 0.000000
0.000000 0.000000 0.000000
0.000000 0.000000 0.000000
0.000000 0.000000 0.000000
0.000000 0.000000 0.000000
0.000000 0.000000 0.000000
0.000000 0.000000 0.000000
0.000000 0.000000 0.000000
0.000000 0.000000 0.000000
0.000000 0.000000 0.000000
0.000000 0.000000 0.000000
0.000000 0.000000 0.000000
0.000000 0.000000 0.000000
0.000000 0.000000 0.000000
0.000000 0.000000 0.000000
0.000000 0.000000 0.000000
0.000000 0.000000 0.000000
0.000000 0.000000 0.000000
0.000000 0.000000 0.000000
0.000000 0.000000 0.000000
0.000000 0.000000 0.000000
0.000000 0.000000 0.000000
0.000000 0.000000 0.000000
0.000000 0.000000 0.000000
0.000000 0.000000 0.000000
0.000000 0.000000 0.000000
0.000000 0.000000 0.000000
0.000000 0.000000 0.000000
0.000000 0.000000 0.000000
0.000000 0.000000 0.000000
0.000000 0.000000 0.000000
0.000000 0.000000 0.000000
0.000000 0.000000 0.000000
0.000000 0.000000 0.000000
0.000000 0.000000 0.000000
0.000000 0.000000 0.000000
0.000000 0.000000 0.000000
0.000000 0.000000 0.000000
0.000000 0.000000 0.000000
0.000000 0.000000 0.000000
0.000000 0.000000 0.000000
0.000000 0.000000 0.000000
0.000000 0.000000 0.000000
0.000000 0.000000 0.000000
0.000000 0.000000 0.000000
0.000000 0.000000 0.000000
0.000000 0.000000 0.000000
0.000000 0.000000 0.000000
0.000000 0.000000 0.000000
0.000000 0.000000 0.000000
0.000000 0.000000 0.000000
0.000000 0.000000 0.000000
0.000000 0.000000 0.000000
0.000000 0.000000 0.000000
0.000000 0.000000 0.000000
0.000000 0.000000 0.000000
0.000000 0.000000 0.000000
0.000000 0.000000 0.000000
0.000000 0.000000 0.000000
0.000000 0.000000 0.000000
0.000000 0.000000 0.000000
0.000000 0.000000 0.000000
0.000000 0.000000 0.000000
0.000000 0.000000 0.000000
0.000000 0.000000 0.000000
0.000000 0.000000 0.000000
0.000000 0.000000 0.000000
0.000000 0.000000 0.000000
0.000000 0.000000 0.000000
0.000000 0.000000 0.000000
0.000000 0.000000 0.000000
0.000000 0.000000 0.000000
0.000000 0.000000 0.000000
0.000000 0.000000 0.000000
0.000000 0.000000 0.000000
0.000000 0.000000 0.000000
0.000000 0.000000 0.000000
0.000000 0.000000 0.000000
0.000000 0.000000 0.000000
0.000000 0.000000 0.000000
0.000000 0.000000 0.000000
0.000000 0.000000 0.000000
0.000000 0.000000 0.000000
0.000000 0.000000 0.000000
0.000000 0.000000 0.000000
0.000000 0.000000 0.000000
0.000000 0.000000 0.000000
0.000000 0.000000 0.000000
0.000000 0.000000 0.000000
0.000000 0.000000 0.000000
0.000000 0.000000 0.000000
0.000000 0.000000 0.000000
0.000000 0.000000 0.000000
0.000000 0.000000 0.000000
0.000000 0.000000 0.000000
0.000000 0.000000 0.000000
0.000000 0.000000 0.000000
0.000000 0.000000 0.000000
0.000000 0.000000 0.000000
0.000000 0.000000 0.000000
0.000000 0.000000 0.000000
0.000000 0.000000 0.000000
0.000000 0.000000 0.000000
0.000000 0.000000 0.000000
0.000000 0.000000 0.000000
0.000000 0.000000 0.000000
0.000000 0.000000 0.000000
0.000000 0.000000 0.000000
0.000000 0.000000 0.000000
0.000000 0.000000 0.000000
0.000000 0.000000 0.000000
0.000000 0.000000 0.000000
0.000000 0.000000 0.000000
0.000000 0.000000 0.000000
0.000000 0.000000 0.000000
0.000000 0.000000 0.000000
0.000000 0.000000 0.000000
0.000000 0.000000 0.000000
0.000000 0.000000 0.000000
0.000000 0.000000 0.000000
0.000000 0.000000 0.000000
0.000000 0.000000 0.000000
0.000000 0.000000 0.000000
0.000000 0.000000 0.000000
0.000000 0.000000 0.000000
0.000000 0.000000 0.000000
0.000000 0.000000 0.000000
0.000000 0.000000 0.000000
0.000000 0.000000 0.000000
0.000000 0.000000 0.000000
0.000000 0.000000 0.000000
0.000000 0.000000 0.000000
0.000000 0.000000 0.000000
0.000000 0.000000 0.000000
0.000000 0.000000 0.000000
0.000000 0.000000 0.000000
0.000000 0.000000 0.000000
0.000000 0.000000 0.000000
0.000000 0.000000 0.000000
0.000000 0.000000 0.000000
0.000000 0.000000 0.000000
0.000000 0.000000 0.000000
0.000000 0.000000 0.000000
0.000000 0.000000 0.000000
0.000000 0.000000 0.000000
0.000000 0.000000 0.000000
0.000000 0.000000 0.000000
0.000000 0.000000 0.000000
0.000000 0.000000 0.000000
0.000000 0.000000 0.000000
0.000000 0.000000 0.000000
0.000000 0.000000 0.000000
0.000000 0.000000 0.000000
0.000000 0.000000 0.000000
0.000000 0.000000 0.000000
0.000000 0.000000 0.000000
0.000000 0.000000 0.000000
0.000000 0.000000 0.000000
0.000000 0.000000 0.000000
0.000000 0.000000 0.000000
0.000000 0.000000 0.000000
0.000000 0.000000 0.000000
0.000000 0.000000 0.000000
0.000000 0.000000 0.000000
0.000000 0.000000 0.000000
0.000000 0.000000 0.000000
0.008473 -0.008440 -0.009436
0.016946 -0.016880 -0.018871
0.025419 -0.025321 -0.028307
0.033892 -0.033761 -0.037743
0.042365 -0.042201 -0.047178
0.050838 -0.050641 -0.056614
0.059311 -0.059082 -0.066050
0.067784 -0.067522 -0.075485
0.076257 -0.075962 -0.084921
0.084730 -0.084402 -0.094357
0.093203 -0.092842 -0.103792
0.101676 -0.101283 -0.113228
0.110149 -0.109723 -0.122664
0.118623 -0.118163 -0.132099
0.127096 -0.126603 -0.141535
0.135569 -0.135044 -0.150971
0.144042 -0.143484 -0.160406
0.152515 -0.151924 -0.169842
0.160988 -0.160364 -0.179277
0.169461 -0.168805 -0.188713
0.177934 -0.177245 -0.198149
0.186407 -0.185685 -0.207584
0.194880 -0.194125 -0.217020
0.203353 -0.202565 -0.226456
0.211826 -0.211006 -0.235891
0.220299 -0.219446 -0.245327
0.228772 -0.227886 -0.254763
0.237245 -0.236326 -0.264198
0.245718 -0.244767 -0.273634
0.254191 -0.253207 -0.283070
0.254191 -0.253174 -0.292538
0.254191 -0.253141 -0.302007
0.254191 -0.253108 -0.311476
0.245718 -0.244635 -0.311509
0.237245 -0.236161 -0.311542
0.228772 -0.227688 -0.311575
0.220299 -0.219215 -0.311608
0.211826 -0.210742 -0.311641
0.203353 -0.202269 -0.311674
0.194880 -0.193795 -0.311706
0.186407 -0.185322 -0.311739
0.177934 -0.176849 -0.311772
0.169461 -0.168376 -0.311805
0.160988 -0.159936 -0.302370
0.152515 -0.151495 -0.292934
0.144042 -0.143055 -0.283498
0.135569 -0.134615 -0.274063
0.127096 -0.126175 -0.264627
0.118623 -0.117734 -0.255191
0.110149 -0.109294 -0.245756
0.101676 -0.100854 -0.236320
0.093203 -0.092414 -0.226885
0.084730 -0.083974 -0.217449
0.076257 -0.075533 -0.208013
0.067784 -0.067093 -0.198578
0.059311 -0.058653 -0.189142
0.050838 -0.050213 -0.179706
0.042365 -0.041772 -0.170271
0.033892 -0.033332 -0.160835
0.025419 -0.024892 -0.151399
0.016946 -0.016452 -0.141964
0.008473 -0.008012 -0.132528
0.000000 0.000429 -0.123092
-0.011053 0.011449 -0.113667
-0.022106 0.022470 -0.104241
-0.033160 0.033490 -0.094815
-0.044213 0.044511 -0.085390
-0.055266 0.055531 -0.075964
-0.066319 0.066551 -0.066539
-0.077373 0.077572 -0.057113
-0.088426 0.088592 -0.047687
-0.099479 0.099613 -0.038262
-0.110532 0.110633 -0.028836
-0.121585 0.121654 -0.019411
-0.132639 0.132674 -0.009985
-0.143692 0.143695 -0.000559
-0.154745 0.154705 0.011763
-0.165798 0.165715 0.024086
-0.176851 0.176726 0.036409
-0.187905 0.187736 0.048731
-0.198958 0.198746 0.061054
-0.210011 0.209757 0.073377
-0.221064 0.220767 0.085699
-0.232118 0.231778 0.098022
-0.243171 0.242788 0.110345
-0.254224 0.253798 0.122668
-0.265277 0.264809 0.134990
-0.276330 0.275819 0.147313
-0.287384 0.286829 0.159636
-0.298437 0.297840 0.171958
-0.309490 0.308850 0.184281
-0.320543 0.319861 0.196604
-0.331597 0.330871 0.208926
-0.342650 0.341881 0.221249
-0.353703 0.352892 0.233572
-0.364756 0.363902 0.245894
-0.364756 0.363859 0.258260
-0.364756 0.363816 0.270626
-0.364756 0.363773 0.282991
-0.364756 0.363730 0.295357
-0.364756 0.363687 0.307723
-0.364756 0.363644 0.320089
-0.364756 0.363601 0.332454
-0.364756 0.363557 0.344820
-0.364756 0.363514 0.357186
-0.364756 0.363471 0.369551
-0.364756 0.363428 0.381917
-0.364756 0.363385 0.394283
-0.364756 0.363342 0.406648
-0.364756 0.363342 0.406648
-0.364756 0.363342 0.406648
-0.364756 0.363342 0.406648
-0.364756 0.363342 0.406648
-0.364756 0.363342 0.406648
-0.364756 0.363342 0.406648
-0.364756 0.363342 0.406648
-0.364756 0.363342 0.406648
-0.364756 0.363342 0.406648
-0.364756 0.363342 0.406648
-0.364756 0.363342 0.406648
-0.364756 0.363342 0.406648
-0.364756 0.363342 0.406648
-0.364756 0.363342 0.406648
-0.364756 0.363342 0.406648
-0.364756 0.363342 0.406648
-0.364756 0.363342 0.406648
-0.364756 0.363342 0.406648
-0.364756 0.363342 0.406648
-0.364756 0.363342 0.406648
-0.364756 0.363342 0.406648
-0.364756 0.363342 0.406648
-0.364756 0.363342 0.406648
-0.364756 0.363342 0.406648
-0.364756 0.363342 0.406648
-0.364756 0.363342 0.406648
-0.364756 0.363342 0.406648
-0.364756 0.363342 0.406648
-0.364756 0.363342 0.406648
-0.364756 0.363342 0.406648
-0.364756 0.363342 0.406648
-0.364756 0.363342 0.406648
-0.364756 0.363342 0.406648
-0.364756 0.363342 0.406648
-0.364756 0.363342 0.406648
-0.364756 0.363342 0.406648
-0.364756 0.363342 0.406648
-0.364756 0.363342 0.406648
-0.364756 0.363342 0.406648
-0.364756 0.363342 0.406648
-0.364756 0.363342 0.406648
-0.364756 0.363342 0.406648
-0.364756 0.363342 0.406648
-0.364756 0.363342 0.406648
-0.364756 0.363342 0.406648
-0.364756 0.363342 0.406648
-0.353703 0.352289 0.406691
-0.342650 0.341235 0.406734
-0.331597 0.330182 0.406777
-0.320543 0.319128 0.406821
-0.309490 0.308075 0.406864
-0.298437 0.297021 0.406907
-0.287384 0.285968 0.406950
-0.276330 0.274915 0.406993
-0.265277 0.263861 0.407036
-0.254224 0.252808 0.407079
-0.243171 0.241754 0.407122
-0.232118 0.230701 0.407165
-0.221064 0.219647 0.407208
-0.210011 0.208594 0.407251
-0.198958 0.197541 0.407294
-0.187905 0.186487 0.407337
-0.176851 0.175434 0.407380
-0.165798 0.164380 0.407423
-0.154745 0.153327 0.407466
-0.143692 0.142273 0.407509
-0.132639 0.131220 0.407552
-0.121585 0.120167 0.407595
-0.110532 0.109113 0.407638
-0.099479 0.098060 0.407681
-0.088426 0.087006 0.407724
-0.077373 0.075953 0.407767
-0.066319 0.064899 0.407810
-0.055266 0.053846 0.407853
-0.044213 0.042792 0.407896
-0.033160 0.031739 0.407939
-0.022106 0.020686 0.407982
-0.011053 0.009632 0.408025
-0.000000 -0.001421 0.408068
0.023403 -0.024825 0.408159
0.046806 -0.048229 0.408250
0.070210 -0.071632 0.408341
0.093613 -0.095036 0.408432
0.117016 -0.118397 0.396158
0.140419 -0.141757 0.383883
0.163823 -0.165118 0.371609
0.187226 -0.188479 0.359334
0.210629 -0.211839 0.347059
0.234032 -0.235200 0.334785
0.257436 -0.258561 0.322510
0.280839 -0.281921 0.310236
0.304242 -0.305282 0.297961
0.327645 -0.328642 0.285686
0.351049 -0.352003 0.273412
0.374452 -0.375364 0.261137
0.397855 -0.398724 0.248863
0.421258 -0.422085 0.236588
0.444662 -0.445446 0.224313
0.468065 -0.468806 0.212039
0.491468 -0.492167 0.199764
0.514871 -0.515527 0.187489
0.538275 -0.538888 0.175215
0.561678 -0.562249 0.162940
0.585081 -0.585609 0.150666
0.608484 -0.608970 0.138391
0.631888 -0.632331 0.126116
0.655291 -0.655691 0.113842
0.678694 -0.679052 0.101567
0.702097 -0.702413 0.089293
0.725501 -0.725773 0.077018
0.748904 -0.749134 0.064743
0.772307 -0.772494 0.052469
0.772307 -0.772451 0.040103
0.772307 -0.772408 0.027737
0.772307 -0.772365 0.015372
0.772307 -0.772322 0.003006
0.772307 -0.772249 -0.018044
0.772307 -0.772176 -0.039095
0.772307 -0.772102 -0.060145
0.772307 -0.772029 -0.081196
0.772307 -0.771956 -0.102246
0.772307 -0.771882 -0.123296
0.772307 -0.771809 -0.144347
0.772307 -0.771736 -0.165397
0.772307 -0.771662 -0.186447
0.772307 -0.771589 -0.207498
0.772307 -0.771516 -0.228548
0.772307 -0.771442 -0.249599
0.772307 -0.771369 -0.270649
0.772307 -0.771296 -0.291699
0.772307 -0.771222 -0.312750
0.772307 -0.771149 -0.333800
0.772307 -0.771076 -0.354850
0.772307 -0.771002 -0.375901
0.772307 -0.770929 -0.396951
0.772307 -0.770856 -0.418002
0.772307 -0.770783 -0.439052
0.772307 -0.770709 -0.460102
0.772307 -0.770636 -0.481153
0.772307 -0.770563 -0.502203
0.772307 -0.770489 -0.523253
0.772307 -0.770416 -0.544304
0.772307 -0.770343 -0.565354
0.772307 -0.770269 -0.586405
0.772307 -0.770196 -0.607455
0.772307 -0.770123 -0.628505
0.772307 -0.770049 -0.649556
0.772307 -0.769976 -0.670606
0.772307 -0.769903 -0.691656
0.772307 -0.769903 -0.691656
0.772307 -0.769903 -0.691656
0.772307 -0.769903 -0.691656
0.772307 -0.769903 -0.691656
0.772307 -0.769903 -0.691656
0.772307 -0.769903 -0.691656
0.772307 -0.769903 -0.691656
0.772307 -0.769903 -0.691656
0.772307 -0.769903 -0.691656
0.772307 -0.769903 -0.691656
0.772307 -0.769903 -0.691656
0.772307 -0.769903 -0.691656
0.772307 -0.769903 -0.691656
0.772307 -0.769903 -0.691656
0.772307 -0.769903 -0.691656
0.772307 -0.769903 -0.691656
0.772307 -0.769903 -0.691656
0.772307 -0.769903 -0.691656
0.772307 -0.769903 -0.691656
0.772307 -0.769903 -0.691656
0.772307 -0.769903 -0.691656
0.772307 -0.769903 -0.691656
0.748904 -0.746499 -0.691747
0.725501 -0.723095 -0.691839
0.702097 -0.699692 -0.691930
0.678694 -0.676288 -0.692021
0.655291 -0.652884 -0.692112
0.631888 -0.629481 -0.692203
0.608484 -0.606077 -0.692294
0.585081 -0.582673 -0.692385
0.561678 -0.559269 -0.692476
0.538275 -0.535866 -0.692567
0.514871 -0.512462 -0.692658
0.491468 -0.489058 -0.692749
0.468065 -0.465655 -0.692841
0.444662 -0.442251 -0.692932
0.421258 -0.418847 -0.693023
0.397855 -0.395443 -0.693114
0.374452 -0.372040 -0.693205
0.351049 -0.348636 -0.693296
0.327645 -0.325232 -0.693387
0.304242 -0.301829 -0.693478
0.280839 -0.278425 -0.693569
0.257436 -0.255021 -0.693660
0.234032 -0.231618 -0.693751
0.210629 -0.208214 -0.693843
0.187226 -0.184810 -0.693934
0.163823 -0.161406 -0.694025
0.140419 -0.138003 -0.694116
0.117016 -0.114599 -0.694207
0.093613 -0.091195 -0.694298
0.070210 -0.067792 -0.694389
0.046806 -0.044388 -0.694480
0.023403 -0.020984 -0.694571
0.000000 0.002419 -0.694662
-0.030238 0.032658 -0.694780
-0.060476 0.062897 -0.694898
-0.090714 0.093135 -0.695015
-0.120952 0.123374 -0.695133
-0.151190 0.153612 -0.695251
-0.181428 0.183851 -0.695368
-0.211666 0.214090 -0.695486
-0.241904 0.244328 -0.695604
-0.272142 0.274567 -0.695722
-0.302380 0.304805 -0.695839
-0.332618 0.335044 -0.695957
-0.362856 0.365283 -0.696075
-0.393094 0.395521 -0.696192
-0.423332 0.425760 -0.696310
-0.453570 0.455998 -0.696428
-0.483808 0.486237 -0.696545
-0.514046 0.516476 -0.696663
-0.544284 0.546714 -0.696781
-0.574522 0.576953 -0.696898
-0.604760 0.607191 -0.697016
-0.634998 0.637430 -0.697134
-0.665236 0.667669 -0.697252
-0.695474 0.697907 -0.697369
-0.725712 0.728146 -0.697487
-0.755950 0.758384 -0.697605
-0.786188 0.788623 -0.697722
-0.816426 0.818862 -0.697840
-0.846664 0.849100 -0.697958
-0.876902 0.879339 -0.698075
-0.907140 0.909504 -0.677143
-0.937378 0.939669 -0.656210
-0.967616 0.969835 -0.635277
-0.997854 1.000000 -0.614345
-0.997854 0.999927 -0.593294
-0.997854 0.999853 -0.572244
-0.997854 0.999780 -0.551194
-0.997854 0.999707 -0.530143
-0.997854 0.999633 -0.509093
-0.997854 0.999560 -0.488042
-0.997854 0.999487 -0.466992
-0.997854 0.999413 -0.445942
-0.997854 0.999340 -0.424891
-0.997854 0.999267 -0.403841
-0.997854 0.999194 -0.382791
-0.997854 0.999120 -0.361740
-0.997854 0.999047 -0.340690
-0.997854 0.998974 -0.319639
-0.997854 0.998900 -0.298589
-0.997854 0.998827 -0.277539
-0.997854 0.998754 -0.256488
-0.997854 0.998680 -0.235438
-0.997854 0.998607 -0.214388
-0.997854 0.998534 -0.193337
-0.997854 0.998460 -0.172287
-0.997854 0.998387 -0.151236
-0.997854 0.998314 -0.130186
-0.997854 0.998240 -0.109136
-0.997854 0.998167 -0.088085
-0.997854 0.998094 -0.067035
-0.997854 0.998020 -0.045985
-0.997854 0.997947 -0.024934
-0.997854 0.997874 -0.003884
-0.997854 0.997801 0.017126
-0.997854 0.997727 0.038136
-0.997854 0.997654 0.059146
-0.997854 0.997581 0.080156
-0.997854 0.997508 0.101166
-0.997854 0.997435 0.122176
-0.997854 0.997362 0.143186
-0.997854 0.997288 0.164196
-0.997854 0.997215 0.185206
-0.997854 0.997142 0.206216
-0.997854 0.997069 0.227226
-0.997854 0.996996 0.248236
-0.997854 0.996923 0.269246
-0.997854 0.996849 0.290256
-0.997854 0.996776 0.311266
-0.997854 0.996703 0.332276
-0.997854 0.996630 0.353286
-0.997854 0.996557 0.374296
-0.997854 0.996483 0.395306
-0.997854 0.996410 0.416315
-0.997854 0.996337 0.437325
-0.997854 0.996264 0.458335
-0.997854 0.996191 0.479345
-0.997854 0.996118 0.500355
-0.997854 0.996044 0.521365
-0.997854 0.995971 0.542375
-0.997854 0.995898 0.563385
-0.997854 0.995825 0.584395
-0.997854 0.995752 0.605405
-0.997854 0.995679 0.626415
-0.967616 0.965367 0.647543
-0.937378 0.935055 0.668670
-0.907140 0.904743 0.689798
-0.876902 0.874505 0.689916
-0.846664 0.844266 0.690033
-0.816426 0.814027 0.690151
-0.786188 0.783789 0.690269
-0.755950 0.753550 0.690387
-0.725712 0.723312 0.690504
-0.695474 0.693073 0.690622
-0.665236 0.662834 0.690740
-0.634998 0.632596 0.690857
-0.604760 0.602357 0.690975
-0.574522 0.572119 0.691093
-0.544284 0.541880 0.691210
-0.514046 0.511641 0.691328
-0.483808 0.481403 0.691446
-0.453570 0.451164 0.691563
-0.423332 0.420926 0.691681
-0.393094 0.390687 0.691799
-0.362856 0.360448 0.691917
-0.332618 0.330210 0.692034
-0.302380 0.299971 0.692152
-0.272142 0.269733 0.692270
-0.241904 0.239494 0.692387
-0.211666 0.209255 0.692505
-0.181428 0.179017 0.692623
-0.151190 0.148778 0.692740
-0.120952 0.118540 0.692858
-0.090714 0.088301 0.692976
-0.060476 0.058062 0.693093
-0.030238 0.027824 0.693211
-0.000000 -0.002415 0.693329
0.023443 -0.025858 0.693420
0.046885 -0.049301 0.693511
0.070328 -0.072744 0.693603
0.093770 -0.096187 0.693694
0.117213 -0.119630 0.693785
0.140656 -0.143073 0.693876
0.164098 -0.166516 0.693968
0.187541 -0.189959 0.694059
0.210983 -0.213402 0.694150
0.234426 -0.236845 0.694241
0.257869 -0.260289 0.694332
0.281311 -0.283732 0.694424
0.304754 -0.307175 0.694515
0.328196 -0.330618 0.694606
0.351639 -0.354061 0.694697
0.375082 -0.377504 0.694789
0.398524 -0.400947 0.694880
0.421967 -0.424390 0.694971
0.445409 -0.447833 0.695062
0.468852 -0.471276 0.695154
0.492295 -0.494719 0.695245
0.515737 -0.518162 0.695336
0.539180 -0.541605 0.695427
0.562623 -0.565048 0.695519
0.586065 -0.588491 0.695610
0.609508 -0.611934 0.695701
0.632950 -0.635378 0.695792
0.656393 -0.658821 0.695884
0.679836 -0.682264 0.695975
0.703278 -0.705707 0.696066
0.726721 -0.729150 0.696157
0.750163 -0.752593 0.696249
0.773606 -0.776036 0.696340
0.773606 -0.776036 0.696340
0.773606 -0.776036 0.696340
0.773606 -0.776036 0.696340
0.773606 -0.776036 0.696340
0.773606 -0.776036 0.696340
0.773606 -0.776036 0.696340
0.773606 -0.776036 0.696340
0.773606 -0.776036 0.696340
0.773606 -0.776036 0.696340
0.773606 -0.776036 0.696340
0.773606 -0.776036 0.696340
0.773606 -0.776036 0.696340
0.773606 -0.776036 0.696340
0.773606 -0.776036 0.696340
0.773606 -0.776036 0.696340
0.773606 -0.776036 0.696340
0.773606 -0.776036 0.696340
0.773606 -0.776036 0.696340
0.773606 -0.776036 0.696340
0.773606 -0.776036 0.696340
0.773606 -0.776036 0.696340
0.773606 -0.775963 0.675330
0.773606 -0.775890 0.654320
0.773606 -0.775816 0.633310
0.773606 -0.775743 0.612300
0.773606 -0.775670 0.591290
0.773606 -0.775597 0.570280
0.773606 -0.775524 0.549270
0.773606 -0.775451 0.528260
0.773606 -0.775377 0.507250
0.773606 -0.775304 0.486240
0.773606 -0.775231 0.465230
0.773606 -0.775158 0.444220
0.773606 -0.775085 0.423210
0.773606 -0.775011 0.402200
0.773606 -0.774938 0.381190
0.773606 -0.774865 0.360180
0.773606 -0.774792 0.339170
0.773606 -0.774719 0.318160
0.773606 -0.774646 0.297150
0.773606 -0.774572 0.276141
0.773606 -0.774499 0.255131
0.773606 -0.774426 0.234121
0.773606 -0.774353 0.213111
0.773606 -0.774280 0.192101
0.773606 -0.774207 0.171091
0.773606 -0.774133 0.150081
0.773606 -0.774060 0.129071
0.773606 -0.773987 0.108061
0.773606 -0.773914 0.087051
0.773606 -0.773841 0.066041
0.773606 -0.773767 0.045031
0.773606 -0.773694 0.024021
0.773606 -0.773621 0.003011
0.773606 -0.773579 -0.009209
0.773606 -0.773536 -0.021429
0.773606 -0.773493 -0.033649
0.773606 -0.773451 -0.045869
0.773606 -0.773408 -0.058089
0.750163 -0.749923 -0.070400
0.726721 -0.726437 -0.082712
0.703278 -0.702951 -0.095023
0.679836 -0.679466 -0.107334
0.656393 -0.655980 -0.119645
0.632950 -0.632495 -0.131957
0.609508 -0.609009 -0.144268
0.586065 -0.585523 -0.156579
0.562623 -0.562038 -0.168890
0.539180 -0.538552 -0.181202
0.515737 -0.515066 -0.193513
0.492295 -0.491581 -0.205824
0.468852 -0.468095 -0.218136
0.445409 -0.444610 -0.230447
0.421967 -0.421124 -0.242758
0.398524 -0.397638 -0.255069
0.375082 -0.374153 -0.267381
0.351639 -0.350667 -0.279692
0.328196 -0.327181 -0.292003
0.304754 -0.303696 -0.304314
0.281311 -0.280210 -0.316626
0.257869 -0.256725 -0.328937
0.234426 -0.233239 -0.341248
0.210983 -0.209753 -0.353559
0.187541 -0.186268 -0.365871
0.164098 -0.162782 -0.378182
0.140656 -0.139296 -0.390493
0.117213 -0.115811 -0.402804
0.093770 -0.092368 -0.402896
0.070328 -0.068925 -0.402987
0.046885 -0.045482 -0.403078
0.023443 -0.022039 -0.403169
0.000000 0.001405 -0.403261
-0.011116 0.012520 -0.403304
-0.022231 0.023636 -0.403347
-0.033347 0.034752 -0.403390
-0.044463 0.045868 -0.403434
-0.055578 0.056984 -0.403477
-0.066694 0.068100 -0.403520
-0.077810 0.079216 -0.403564
-0.088925 0.090332 -0.403607
-0.100041 0.101447 -0.403650
-0.111157 0.112563 -0.403693
-0.122272 0.123679 -0.403737
-0.133388 0.134795 -0.403780
-0.144504 0.145911 -0.403823
-0.155619 0.157027 -0.403866
-0.166735 0.168143 -0.403910
-0.177851 0.179259 -0.403953
-0.188966 0.190374 -0.403996
-0.200082 0.201490 -0.404039
-0.211197 0.212606 -0.404083
-0.222313 0.223722 -0.404126
-0.233429 0.234838 -0.404169
-0.244544 0.245954 -0.404212
-0.255660 0.257070 -0.404256
-0.266776 0.268186 -0.404299
-0.277891 0.279301 -0.404342
-0.289007 0.290417 -0.404386
-0.300123 0.301533 -0.404429
-0.311238 0.312649 -0.404472
-0.322354 0.323765 -0.404515
-0.333470 0.334881 -0.404559
-0.344585 0.345997 -0.404602
-0.355701 0.357113 -0.404645
-0.366817 0.368228 -0.404688
-0.366817 0.368228 -0.404688
-0.366817 0.368228 -0.404688
-0.366817 0.368228 -0.404688
-0.366817 0.368228 -0.404688
-0.366817 0.368228 -0.404688
-0.366817 0.368228 -0.404688
-0.366817 0.368228 -0.404688
-0.366817 0.368228 -0.404688
-0.366817 0.368228 -0.404688
-0.366817 0.368228 -0.404688
-0.366817 0.368228 -0.404688
-0.366817 0.368228 -0.404688
-0.366817 0.368228 -0.404688
-0.366817 0.368228 -0.404688
-0.366817 0.368228 -0.404688
-0.366817 0.368228 -0.404688
-0.366817 0.368228 -0.404688
-0.366817 0.368228 -0.404688
-0.366817 0.368228 -0.404688
-0.366817 0.368228 -0.404688
-0.366817 0.368228 -0.404688
-0.366817 0.368228 -0.404688
-0.366817 0.368228 -0.404688
-0.366817 0.368228 -0.404688
-0.366817 0.368228 -0.404688
-0.366817 0.368228 -0.404688
-0.366817 0.368228 -0.404688
-0.366817 0.368228 -0.404688
-0.366817 0.368228 -0.404688
-0.366817 0.368228 -0.404688
-0.366817 0.368228 -0.404688
-0.366817 0.368228 -0.404688
-0.366817 0.368228 -0.404688
-0.366817 0.368228 -0.404688
-0.366817 0.368228 -0.404688
-0.366817 0.368228 -0.404688
-0.366817 0.368228 -0.404688
-0.366817 0.368228 -0.404688
-0.366817 0.368228 -0.404688
-0.366817 0.368228 -0.404688
-0.366817 0.368228 -0.404688
-0.366817 0.368228 -0.404688
-0.366817 0.368228 -0.404688
-0.366817 0.368228 -0.404688
-0.366817 0.368228 -0.404688
-0.366817 0.368228 -0.404688
-0.366817 0.368186 -0.392468
-0.366817 0.368143 -0.380248
-0.366817 0.368101 -0.368028
-0.366817 0.368058 -0.355808
-0.366817 0.368016 -0.343588
-0.366817 0.367973 -0.331368
-0.366817 0.367930 -0.319148
-0.366817 0.367888 -0.306928
-0.366817 0.367845 -0.294708
-0.366817 0.367803 -0.282488
-0.366817 0.367760 -0.270268
-0.366817 0.367718 -0.258048
-0.366817 0.367675 -0.245828
-0.355701 0.356517 -0.233565
-0.344585 0.345358 -0.221302
-0.333470 0.334200 -0.209038
-0.322354 0.323041 -0.196775
-0.311238 0.311883 -0.184512
-0.300123 0.300724 -0.172248
-0.289007 0.289566 -0.159985
-0.277891 0.278408 -0.147722
-0.266776 0.267249 -0.135459
-0.255660 0.256091 -0.123195
-0.244544 0.244932 -0.110932
-0.233429 0.233774 -0.098669
-0.222313 0.222615 -0.086405
-0.211197 0.211457 -0.074142
-0.200082 0.200299 -0.061879
-0.188966 0.189140 -0.049616
-0.177851 0.177982 -0.037352
-0.166735 0.166823 -0.025089
-0.155619 0.155665 -0.012826
-0.144504 0.144506 -0.000562
-0.133388 0.133357 0.009176
-0.122272 0.122207 0.018915
-0.111157 0.111057 0.028653
-0.100041 0.099908 0.038392
-0.088925 0.088758 0.048130
-0.077810 0.077609 0.057869
-0.066694 0.066459 0.067607
-0.055578 0.055309 0.077346
-0.044463 0.044160 0.087084
-0.033347 0.033010 0.096823
-0.022231 0.021860 0.106561
-0.011116 0.010711 0.116300
-0.000000 -0.000439 0.126038
0.008849 -0.009322 0.135768
0.017698 -0.018205 0.145498
0.026547 -0.027088 0.155227
0.035396 -0.035971 0.164957
0.044245 -0.044853 0.174687
0.053094 -0.053736 0.184416
0.061943 -0.062619 0.194146
0.070792 -0.071502 0.203876
0.079641 -0.080385 0.213605
0.088490 -0.089268 0.223335
0.097338 -0.098151 0.233065
0.106187 -0.107034 0.242794
0.115036 -0.115917 0.252524
0.123885 -0.124800 0.262254
0.132734 -0.133682 0.271984
0.141583 -0.142565 0.281713
0.150432 -0.151448 0.291443
0.159281 -0.160331 0.301173
0.168130 -0.169214 0.310902
0.176979 -0.178097 0.320632
0.185828 -0.186946 0.320666
0.194677 -0.195795 0.320701
0.203526 -0.204644 0.320735
0.212375 -0.213493 0.320770
0.221224 -0.222343 0.320804
0.230073 -0.231192 0.320839
0.238922 -0.240041 0.320873
0.247771 -0.248890 0.320908
0.256620 -0.257739 0.320942
0.265469 -0.266554 0.311281
0.265469 -0.266521 0.301586
0.265469 -0.266487 0.291891
0.256620 -0.257604 0.282161
0.247771 -0.248721 0.272431
0.238922 -0.239838 0.262702
0.230073 -0.230955 0.252972
0.221224 -0.222072 0.243242
0.212375 -0.213189 0.233513
0.203526 -0.204307 0.223783
0.194677 -0.195424 0.214053
0.185828 -0.186541 0.204323
0.176979 -0.177658 0.194594
0.168130 -0.168775 0.184864
0.159281 -0.159892 0.175134
0.150432 -0.151009 0.165405
0.141583 -0.142126 0.155675
0.132734 -0.133243 0.145945
0.123885 -0.124361 0.136216
0.115036 -0.115478 0.126486
0.106187 -0.106595 0.116756
0.097338 -0.097712 0.107027
0.088490 -0.088829 0.097297
0.079641 -0.079946 0.087567
0.070792 -0.071063 0.077838
0.061943 -0.062180 0.068108
0.053094 -0.053297 0.058378
0.044245 -0.044414 0.048648
0.035396 -0.035532 0.038919
0.026547 -0.026649 0.029189
0.017698 -0.017766 0.019459
0.008849 -0.008883 0.009730
0.000000 0.000000 0.000000
