    1702
0.000000 0.000000 0.000000
0.020612 0.020413 0.004558
0.041225 0.040827 0.009115
0.061837 0.061240 0.013673
0.082450 0.081653 0.018231
0.103062 0.102067 0.022788
0.123674 0.122480 0.027346
0.144287 0.142893 0.031904
0.164899 0.163307 0.036461
0.185511 0.183720 0.041019
0.206124 0.204133 0.045576
0.226736 0.224546 0.050134
0.247349 0.244960 0.054692
0.267961 0.265373 0.059249
0.288573 0.285786 0.063807
0.309186 0.306200 0.068365
0.329798 0.326613 0.072922
0.350410 0.347026 0.077480
0.371023 0.367440 0.082038
0.391635 0.387853 0.086595
0.412248 0.408266 0.091153
0.432860 0.428680 0.095711
0.453472 0.449093 0.100268
0.474085 0.469506 0.104826
0.494697 0.489920 0.109383
0.515310 0.510333 0.113941
0.535922 0.530746 0.118499
0.556534 0.551159 0.123056
0.577147 0.571573 0.127614
0.597759 0.591986 0.132172
0.618371 0.612399 0.136729
0.638984 0.632813 0.141287
0.659596 0.653226 0.145845
0.680209 0.673639 0.150402
0.680209 0.673639 0.150402
0.680209 0.673639 0.150402
0.680209 0.673639 0.150402
0.680209 0.673639 0.150402
0.680209 0.673639 0.150402
0.680209 0.673639 0.150402
0.680209 0.673639 0.150402
0.680209 0.673639 0.150402
0.680209 0.673639 0.150402
0.680209 0.673639 0.150402
0.680209 0.673639 0.150402
0.680209 0.673639 0.150402
0.680209 0.673639 0.150402
0.680209 0.673639 0.150402
0.680209 0.673639 0.150402
0.680209 0.673639 0.150402
0.680209 0.673639 0.150402
0.680209 0.673639 0.150402
0.680209 0.673639 0.150402
0.680209 0.673639 0.150402
0.680209 0.673639 0.150402
0.680209 0.673639 0.150402
0.680209 0.673639 0.150402
0.680209 0.673639 0.150402
0.680209 0.673639 0.150402
0.680209 0.673639 0.150402
0.680209 0.673639 0.150402
0.680209 0.673639 0.150402
0.680209 0.673639 0.150402
0.680209 0.673639 0.150402
0.680209 0.673639 0.150402
0.680209 0.673639 0.150402
0.680209 0.673639 0.150402
0.680209 0.673639 0.150402
0.680209 0.673639 0.150402
0.680209 0.673639 0.150402
0.680209 0.673639 0.150402
0.680209 0.673639 0.150402
0.680209 0.673639 0.150402
0.680209 0.673639 0.150402
0.680209 0.673639 0.150402
0.680209 0.673639 0.150402
0.680209 0.673639 0.150402
0.680209 0.673639 0.150402
0.680209 0.673639 0.150402
0.680209 0.673639 0.150402
0.680209 0.673639 0.150402
0.680209 0.673639 0.150402
0.680209 0.673639 0.150402
0.680209 0.673639 0.150402
0.680209 0.673639 0.150402
0.680209 0.673639 0.150402
0.680209 0.673639 0.150402
0.680209 0.673639 0.150402
0.680209 0.673639 0.150402
0.680209 0.673639 0.150402
0.680209 0.673639 0.150402
0.680209 0.673639 0.150402
0.680209 0.673639 0.150402
0.680209 0.673639 0.150402
0.680209 0.673639 0.150402
0.680209 0.673639 0.150402
0.680209 0.673639 0.150402
0.680209 0.673639 0.150402
0.680209 0.673639 0.150402
0.680209 0.673639 0.150402
0.680209 0.673639 0.150402
0.680209 0.673639 0.150402
0.680209 0.673639 0.150402
0.680209 0.673639 0.150402
0.680209 0.673639 0.150402
0.680209 0.673639 0.150402
0.680209 0.673639 0.150402
0.680209 0.673639 0.150402
0.680209 0.673639 0.150402
0.680209 0.673639 0.150402
0.680209 0.673639 0.150402
0.680209 0.673639 0.150402
0.680209 0.673639 0.150402
0.680209 0.673639 0.150402
0.680209 0.673639 0.150402
0.680209 0.673639 0.150402
0.680209 0.673639 0.150402
0.680209 0.673639 0.150402
0.680209 0.673639 0.150402
0.680209 0.673639 0.150402
0.680209 0.673639 0.150402
0.680209 0.673639 0.150402
0.680209 0.673639 0.150402
0.680209 0.673639 0.150402
0.680209 0.673639 0.150402
0.680209 0.673639 0.150402
0.680209 0.673639 0.150402
0.680209 0.673639 0.150402
0.680209 0.673639 0.150402
0.680209 0.673639 0.150402
0.680209 0.673639 0.150402
0.680209 0.673639 0.150402
0.680209 0.673639 0.150402
0.680209 0.673639 0.150402
0.680209 0.673639 0.150402
0.680209 0.673639 0.150402
0.680209 0.673639 0.150402
0.680209 0.673639 0.150402
0.680209 0.673639 0.150402
0.680209 0.673639 0.150402
0.680209 0.673639 0.150402
0.680209 0.673639 0.150402
0.680209 0.673639 0.150402
0.680209 0.673639 0.150402
0.680209 0.673639 0.150402
0.680209 0.673639 0.150402
0.680209 0.673639 0.150402
0.680209 0.673639 0.150402
0.680209 0.673639 0.150402
0.680209 0.673639 0.150402
0.680209 0.673639 0.150402
0.680209 0.673639 0.150402
0.680209 0.673639 0.150402
0.680209 0.673639 0.150402
0.680209 0.673639 0.150402
0.680209 0.673639 0.150402
0.680209 0.673639 0.150402
0.680209 0.673639 0.150402
0.680209 0.673639 0.150402
0.680209 0.673639 0.150402
0.680209 0.673639 0.150402
0.680209 0.673639 0.150402
0.680209 0.673639 0.150402
0.680209 0.673639 0.150402
0.680209 0.673639 0.150402
0.680209 0.673639 0.150402
0.680209 0.673639 0.150402
0.680209 0.673639 0.150402
0.680209 0.673639 0.150402
0.680209 0.673639 0.150402
0.680209 0.673639 0.150402
0.680209 0.673639 0.150402
0.680209 0.673639 0.150402
0.680209 0.673639 0.150402
0.680209 0.673639 0.150402
0.680209 0.673639 0.150402
0.680209 0.673639 0.150402
0.680209 0.673639 0.150402
0.680209 0.673639 0.150402
0.680209 0.673639 0.150402
0.680209 0.673639 0.150402
0.680209 0.673639 0.150402
0.680209 0.673639 0.150402
0.680209 0.673639 0.150402
0.680209 0.673639 0.150402
0.680209 0.673639 0.150402
0.680209 0.673639 0.150402
0.680209 0.673639 0.150402
0.680209 0.673639 0.150402
0.680209 0.673639 0.150402
0.680209 0.673639 0.150402
0.680209 0.673639 0.150402
0.680209 0.673639 0.150402
0.680209 0.673639 0.150402
0.680209 0.673639 0.150402
0.680209 0.673639 0.150402
0.680209 0.673639 0.150402
0.680209 0.673639 0.150402
0.680209 0.673639 0.150402
0.680209 0.673639 0.150402
0.680209 0.673639 0.150402
0.680209 0.673639 0.150402
0.680209 0.673639 0.150402
0.680209 0.673639 0.150402
0.680209 0.673639 0.150402
0.680209 0.673639 0.150402
0.680209 0.673639 0.150402
0.680209 0.673639 0.150402
0.680209 0.673639 0.150402
0.680209 0.673639 0.150402
0.680209 0.673639 0.150402
0.680209 0.673639 0.150402
0.680209 0.673639 0.150402
0.680209 0.673639 0.150402
0.680209 0.673639 0.150402
0.680209 0.673639 0.150402
0.680209 0.673639 0.150402
0.680209 0.673639 0.150402
0.680209 0.673639 0.150402
0.680209 0.673639 0.150402
0.680209 0.673639 0.150402
0.680209 0.673639 0.150402
0.680209 0.673639 0.150402
0.680209 0.673639 0.150402
0.680209 0.673639 0.150402
0.680209 0.673639 0.150402
0.680209 0.673639 0.150402
0.680209 0.673639 0.150402
0.680209 0.673639 0.150402
0.680209 0.673639 0.150402
0.680209 0.673639 0.150402
0.680209 0.673639 0.150402
0.680209 0.673639 0.150402
0.680209 0.673639 0.150402
0.680209 0.673639 0.150402
0.680209 0.673639 0.150402
0.680209 0.673639 0.150402
0.680209 0.673639 0.150402
0.680209 0.673639 0.150402
0.680209 0.673639 0.150402
0.680209 0.673639 0.150402
0.680209 0.673639 0.150402
0.680209 0.673639 0.150402
0.680209 0.673639 0.150402
0.680209 0.673639 0.150402
0.680209 0.673639 0.150402
0.680209 0.673639 0.150402
0.680209 0.673639 0.150402
0.680209 0.673639 0.150402
0.680209 0.673639 0.150402
0.680209 0.673639 0.150402
0.680209 0.673639 0.150402
0.680209 0.673639 0.150402
0.680209 0.673639 0.150402
0.680209 0.673639 0.150402
0.680209 0.673639 0.150402
0.680209 0.673639 0.150402
0.680209 0.673639 0.150402
0.680209 0.673639 0.150402
0.680209 0.673639 0.150402
0.680209 0.673639 0.150402
0.680209 0.673639 0.150402
0.680209 0.673639 0.150402
0.680209 0.673639 0.150402
0.680209 0.673639 0.150402
0.680209 0.673639 0.150402
0.680209 0.673639 0.150402
0.680209 0.673639 0.150402
0.680209 0.673639 0.150402
0.680209 0.673639 0.150402
0.680209 0.673639 0.150402
0.680209 0.673639 0.150402
0.680209 0.673639 0.150402
0.680209 0.673639 0.150402
0.680209 0.673639 0.150402
0.680209 0.673639 0.150402
0.680209 0.673639 0.150402
0.680209 0.673639 0.150402
0.680209 0.673639 0.150402
0.680209 0.673639 0.150402
0.680209 0.673639 0.150402
0.680209 0.673639 0.150402
0.680209 0.673639 0.150402
0.680209 0.673639 0.150402
0.680209 0.673639 0.150402
0.680209 0.673639 0.150402
0.680209 0.673639 0.150402
0.680209 0.673639 0.150402
0.680209 0.673639 0.150402
0.680209 0.673639 0.150402
0.680209 0.673639 0.150402
0.680209 0.673639 0.150402
0.680209 0.673639 0.150402
0.680209 0.673639 0.150402
0.680209 0.673639 0.150402
0.680209 0.673639 0.150402
0.680209 0.673639 0.150402
0.680209 0.673639 0.150402
0.680209 0.673639 0.150402
0.680209 0.673639 0.150402
0.680209 0.673639 0.150402
0.680209 0.673639 0.150402
0.680209 0.673639 0.150402
0.680209 0.673639 0.150402
0.680209 0.673639 0.150402
0.680209 0.673639 0.150402
0.680209 0.673639 0.150402
0.680209 0.673639 0.150402
0.680209 0.673639 0.150402
0.680209 0.673639 0.150402
0.680209 0.673639 0.150402
0.680209 0.673639 0.150402
0.680209 0.673639 0.150402
0.680209 0.673639 0.150402
0.680209 0.673639 0.150402
0.680209 0.673639 0.150402
0.680209 0.673639 0.150402
0.680209 0.673639 0.150402
0.680209 0.673639 0.150402
0.680209 0.673639 0.150402
0.680209 0.673639 0.150402
0.680209 0.673639 0.150402
0.680209 0.673639 0.150402
0.680209 0.673639 0.150402
0.680209 0.673639 0.150402
0.680209 0.673639 0.150402
0.680209 0.673639 0.150402
0.680209 0.673639 0.150402
0.680209 0.673639 0.150402
0.680209 0.673639 0.150402
0.680209 0.673639 0.150402
0.680209 0.673639 0.150402
0.680209 0.673639 0.150402
0.680209 0.673639 0.150402
0.680209 0.673639 0.150402
0.680209 0.673639 0.150402
0.680209 0.673639 0.150402
0.680209 0.673639 0.150402
0.680209 0.673639 0.150402
0.680209 0.673639 0.150402
0.680209 0.673639 0.150402
0.680209 0.673639 0.150402
0.680209 0.673639 0.150402
0.654758 0.653233 0.155234
0.629307 0.632826 0.160065
0.603857 0.612420 0.164897
0.578406 0.592013 0.169729
0.552955 0.571606 0.174560
0.527504 0.551200 0.179392
0.502054 0.530793 0.184223
0.476603 0.510387 0.189055
0.451152 0.489980 0.193886
0.425702 0.469574 0.198718
0.400251 0.449167 0.203549
0.374800 0.428760 0.208381
0.349350 0.408354 0.213213
0.323899 0.387947 0.218044
0.298448 0.367541 0.222876
0.272998 0.347134 0.227707
0.247547 0.326727 0.232539
0.222096 0.306321 0.237370
0.196646 0.285914 0.242202
0.171195 0.265508 0.247034
0.145744 0.245101 0.251865
0.120293 0.224695 0.256697
0.094843 0.204288 0.261528
0.069392 0.183881 0.266360
0.043941 0.163475 0.271191
0.018491 0.143068 0.276023
-0.006960 0.122662 0.280855
-0.032411 0.102255 0.285686
-0.057861 0.081849 0.290518
-0.083312 0.061442 0.295349
-0.108763 0.041035 0.300181
-0.134213 0.020629 0.305012
-0.159664 0.000222 0.309844
-0.185115 -0.020184 0.314676
-0.210565 -0.040591 0.319507
-0.236016 -0.060998 0.324339
-0.261467 -0.081404 0.329170
-0.286917 -0.101811 0.334002
-0.312368 -0.122217 0.338833
-0.337819 -0.142624 0.343665
-0.363270 -0.163030 0.348497
-0.388720 -0.183437 0.353328
-0.414171 -0.203844 0.358160
-0.439622 -0.224250 0.362991
-0.465072 -0.244657 0.367823
-0.490523 -0.265063 0.372654
-0.515974 -0.285470 0.377486
-0.541424 -0.305876 0.382318
-0.566875 -0.326283 0.387149
-0.592326 -0.346690 0.391981
-0.617776 -0.367096 0.396812
-0.643227 -0.387503 0.401644
-0.668678 -0.407909 0.406475
-0.694128 -0.428316 0.411307
-0.719579 -0.448723 0.416139
-0.745030 -0.469129 0.420970
-0.770480 -0.489536 0.425802
-0.795931 -0.509942 0.430633
-0.821382 -0.530349 0.435465
-0.846833 -0.550755 0.440296
-0.872283 -0.571162 0.445128
-0.897734 -0.591569 0.449960
-0.923185 -0.611975 0.454791
-0.948635 -0.632382 0.459623
-0.974086 -0.652788 0.464454
-0.999537 -0.673195 0.469286
-0.999537 -0.673195 0.469286
-0.999537 -0.673195 0.469286
-0.999537 -0.673195 0.469286
-0.999537 -0.673195 0.469286
-0.999537 -0.673195 0.469286
-0.999537 -0.673195 0.469286
-0.999537 -0.673195 0.469286
-0.999537 -0.673195 0.469286
-0.999537 -0.673195 0.469286
-0.999537 -0.673195 0.469286
-0.999537 -0.673195 0.469286
-0.999537 -0.673195 0.469286
-0.999537 -0.673195 0.469286
-0.999537 -0.673195 0.469286
-0.999537 -0.673195 0.469286
-0.999537 -0.673195 0.469286
-0.999537 -0.673195 0.469286
-0.999537 -0.673195 0.469286
-0.999537 -0.673195 0.469286
-0.999537 -0.673195 0.469286
-0.999537 -0.673195 0.469286
-0.999537 -0.673195 0.469286
-0.999537 -0.673195 0.469286
-0.999537 -0.673195 0.469286
-0.999537 -0.673195 0.469286
-0.999537 -0.673195 0.469286
-0.999537 -0.673195 0.469286
-0.999537 -0.673195 0.469286
-0.999537 -0.673195 0.469286
-0.999537 -0.673195 0.469286
-0.999537 -0.673195 0.469286
-0.999537 -0.673195 0.469286
-0.999537 -0.673195 0.469286
-0.999537 -0.673195 0.469286
-0.999537 -0.673195 0.469286
-0.999537 -0.673195 0.469286
-0.999537 -0.673195 0.469286
-0.999537 -0.673195 0.469286
-0.999537 -0.673195 0.469286
-0.999537 -0.673195 0.469286
-0.999537 -0.673195 0.469286
-0.999537 -0.673195 0.469286
-0.999537 -0.673195 0.469286
-0.999537 -0.673195 0.469286
-0.999537 -0.673195 0.469286
-0.999537 -0.673195 0.469286
-0.999537 -0.673195 0.469286
-0.999537 -0.673195 0.469286
-0.999537 -0.673195 0.469286
-0.999537 -0.673195 0.469286
-0.999537 -0.673195 0.469286
-0.999537 -0.673195 0.469286
-0.999537 -0.673195 0.469286
-0.999537 -0.673195 0.469286
-0.999537 -0.673195 0.469286
-0.999537 -0.673195 0.469286
-0.999537 -0.673195 0.469286
-0.999537 -0.673195 0.469286
-0.999537 -0.673195 0.469286
-0.999537 -0.673195 0.469286
-0.999537 -0.673195 0.469286
-0.999537 -0.673195 0.469286
-0.999537 -0.673195 0.469286
-0.999537 -0.673195 0.469286
-0.999537 -0.673195 0.469286
-0.999537 -0.673195 0.469286
-0.999537 -0.673195 0.469286
-0.999537 -0.673195 0.469286
-0.999537 -0.673195 0.469286
-0.999537 -0.673195 0.469286
-0.999537 -0.673195 0.469286
-0.999537 -0.673195 0.469286
-0.999537 -0.673195 0.469286
-0.999537 -0.673195 0.469286
-0.999537 -0.673195 0.469286
-0.999537 -0.673195 0.469286
-0.999537 -0.673195 0.469286
-0.999537 -0.673195 0.469286
-0.999537 -0.673195 0.469286
-0.999537 -0.673195 0.469286
-0.999537 -0.673195 0.469286
-0.999537 -0.673195 0.469286
-0.999537 -0.673195 0.469286
-0.999537 -0.673195 0.469286
-0.999537 -0.673195 0.469286
-0.999537 -0.673195 0.469286
-0.999537 -0.673195 0.469286
-0.999537 -0.673195 0.469286
-0.999537 -0.673195 0.469286
-0.999537 -0.673195 0.469286
-0.999537 -0.673195 0.469286
-0.999537 -0.673195 0.469286
-0.999537 -0.673195 0.469286
-0.999537 -0.673195 0.469286
-0.999537 -0.673195 0.469286
-0.999537 -0.673195 0.469286
-0.999537 -0.673195 0.469286
-0.999537 -0.673195 0.469286
-0.999537 -0.673195 0.469286
-0.999537 -0.673195 0.469286
-0.999537 -0.673195 0.469286
-0.999537 -0.673195 0.469286
-0.999537 -0.673195 0.469286
-0.999537 -0.673195 0.469286
-0.999537 -0.673195 0.469286
-0.999537 -0.673195 0.469286
-0.999537 -0.673195 0.469286
-0.999537 -0.673195 0.469286
-0.999537 -0.673195 0.469286
-0.999537 -0.673195 0.469286
-0.999537 -0.673195 0.469286
-0.999537 -0.673195 0.469286
-0.999537 -0.673195 0.469286
-0.999537 -0.673195 0.469286
-0.999537 -0.673195 0.469286
-0.999537 -0.673195 0.469286
-0.999537 -0.673195 0.469286
-0.999537 -0.673195 0.469286
-0.999537 -0.673195 0.469286
-0.999537 -0.673195 0.469286
-0.999537 -0.673195 0.469286
-0.999537 -0.673195 0.469286
-0.999537 -0.673195 0.469286
-0.999537 -0.673195 0.469286
-0.999537 -0.673195 0.469286
-0.999537 -0.673195 0.469286
-0.999537 -0.673195 0.469286
-0.999537 -0.673195 0.469286
-0.999537 -0.673195 0.469286
-0.999537 -0.673195 0.469286
-0.999537 -0.673195 0.469286
-0.999537 -0.673195 0.469286
-0.999537 -0.673195 0.469286
-0.999537 -0.673195 0.469286
-0.999537 -0.673195 0.469286
-0.999537 -0.673195 0.469286
-0.999537 -0.673195 0.469286
-0.999537 -0.673195 0.469286
-0.999537 -0.673195 0.469286
-0.999537 -0.673195 0.469286
-0.999537 -0.673195 0.469286
-0.999537 -0.673195 0.469286
-0.999537 -0.673195 0.469286
-0.999537 -0.673195 0.469286
-0.999537 -0.673195 0.469286
-0.999537 -0.673195 0.469286
-0.999537 -0.673195 0.469286
-0.999537 -0.673195 0.469286
-0.999537 -0.673195 0.469286
-0.999537 -0.673195 0.469286
-0.999537 -0.673195 0.469286
-0.999537 -0.673195 0.469286
-0.999537 -0.673195 0.469286
-0.999537 -0.673195 0.469286
-0.999537 -0.673195 0.469286
-0.999537 -0.673195 0.469286
-0.999537 -0.673195 0.469286
-0.999537 -0.673195 0.469286
-0.999537 -0.673195 0.469286
-0.999537 -0.673195 0.469286
-0.999537 -0.673195 0.469286
-0.999537 -0.673195 0.469286
-0.999537 -0.673195 0.469286
-0.999537 -0.673195 0.469286
-0.999537 -0.673195 0.469286
-0.999537 -0.673195 0.469286
-0.999537 -0.673195 0.469286
-0.999537 -0.673195 0.469286
-0.999537 -0.673195 0.469286
-0.999537 -0.673195 0.469286
-0.999537 -0.673195 0.469286
-0.999537 -0.673195 0.469286
-0.999537 -0.673195 0.469286
-0.999537 -0.673195 0.469286
-0.999537 -0.673195 0.469286
-0.999537 -0.673195 0.469286
-0.999537 -0.673195 0.469286
-0.999537 -0.673195 0.469286
-0.999537 -0.673195 0.469286
-0.999537 -0.673195 0.469286
-0.999537 -0.673195 0.469286
-0.999537 -0.673195 0.469286
-0.999537 -0.673195 0.469286
-0.999537 -0.673195 0.469286
-0.999537 -0.673195 0.469286
-0.999537 -0.673195 0.469286
-0.999537 -0.673195 0.469286
-0.999537 -0.673195 0.469286
-0.999537 -0.673195 0.469286
-0.999537 -0.673195 0.469286
-0.999537 -0.673195 0.469286
-0.999537 -0.673195 0.469286
-0.999537 -0.673195 0.469286
-0.999537 -0.673195 0.469286
-0.999537 -0.673195 0.469286
-0.999537 -0.673195 0.469286
-0.999537 -0.673195 0.469286
-0.999537 -0.673195 0.469286
-0.999537 -0.673195 0.469286
-0.999537 -0.673195 0.469286
-0.999537 -0.673195 0.469286
-0.999537 -0.673195 0.469286
-0.999537 -0.673195 0.469286
-0.999537 -0.673195 0.469286
-0.999537 -0.673195 0.469286
-0.999537 -0.673195 0.469286
-0.999537 -0.673195 0.469286
-0.999537 -0.673195 0.469286
-0.999537 -0.673195 0.469286
-0.999537 -0.673195 0.469286
-0.999537 -0.673195 0.469286
-0.999537 -0.673195 0.469286
-0.999537 -0.673195 0.469286
-0.999537 -0.673195 0.469286
-0.999537 -0.673195 0.469286
-0.999537 -0.673195 0.469286
-0.999537 -0.673195 0.469286
-0.999537 -0.673195 0.469286
-0.999537 -0.673195 0.469286
-0.999537 -0.673195 0.469286
-0.999537 -0.673195 0.469286
-0.999537 -0.673195 0.469286
-0.999537 -0.673195 0.469286
-0.999537 -0.673195 0.469286
-0.999537 -0.673195 0.469286
-0.999537 -0.673195 0.469286
-0.999537 -0.673195 0.469286
-0.999537 -0.673195 0.469286
-0.999537 -0.673195 0.469286
-0.999537 -0.673195 0.469286
-0.999537 -0.673195 0.469286
-0.999537 -0.673195 0.469286
-0.999537 -0.673195 0.469286
-0.999537 -0.673195 0.469286
-0.999537 -0.673195 0.469286
-0.999537 -0.673195 0.469286
-0.999537 -0.673195 0.469286
-0.999537 -0.673195 0.469286
-0.999537 -0.673195 0.469286
-0.999537 -0.673195 0.469286
-0.999537 -0.673195 0.469286
-0.999537 -0.673195 0.469286
-0.999537 -0.673195 0.469286
-0.999537 -0.673195 0.469286
-0.999537 -0.673195 0.469286
-0.999537 -0.673195 0.469286
-0.999537 -0.673195 0.469286
-0.999537 -0.673195 0.469286
-0.999537 -0.673195 0.469286
-0.999537 -0.673195 0.469286
-0.999537 -0.673195 0.469286
-0.999537 -0.673195 0.469286
-0.999537 -0.673195 0.469286
-0.999537 -0.673195 0.469286
-0.999537 -0.673195 0.469286
-0.999537 -0.673195 0.469286
-0.999537 -0.673195 0.469286
-0.999537 -0.673195 0.469286
-0.999537 -0.673195 0.469286
-0.999537 -0.673195 0.469286
-0.999537 -0.673195 0.469286
-0.999537 -0.673195 0.469286
-0.999537 -0.673195 0.469286
-0.999537 -0.673195 0.469286
-0.999537 -0.673195 0.469286
-0.999537 -0.673195 0.469286
-0.999537 -0.673195 0.469286
-0.999537 -0.673195 0.469286
-0.999537 -0.673195 0.469286
-0.999537 -0.673195 0.469286
-0.999537 -0.673195 0.469286
-0.999537 -0.673195 0.469286
-0.999537 -0.673195 0.469286
-0.999537 -0.673195 0.469286
-0.999537 -0.673195 0.469286
-0.999537 -0.673195 0.469286
-0.999537 -0.673195 0.469286
-0.999537 -0.673195 0.469286
-0.999537 -0.673195 0.469286
-0.999537 -0.673195 0.469286
-0.999537 -0.673195 0.469286
-0.999537 -0.673195 0.469286
-0.999537 -0.673195 0.469286
-0.999537 -0.673195 0.469286
-0.999537 -0.673195 0.469286
-0.999537 -0.673195 0.469286
-0.999537 -0.673195 0.469286
-0.999537 -0.673195 0.469286
-0.999537 -0.673195 0.469286
-0.999537 -0.673195 0.469286
-0.999537 -0.673195 0.469286
-0.999537 -0.673195 0.469286
-0.999537 -0.673195 0.469286
-0.999537 -0.673195 0.469286
-0.999537 -0.673195 0.469286
-0.999537 -0.673195 0.469286
-0.999537 -0.673195 0.469286
-0.999537 -0.673195 0.469286
-0.999537 -0.673195 0.469286
-0.999537 -0.673195 0.469286
-0.999537 -0.673195 0.469286
-0.999537 -0.673195 0.469286
-0.999537 -0.673195 0.469286
-0.999537 -0.673195 0.469286
-0.999537 -0.673195 0.469286
-0.999537 -0.673195 0.469286
-0.999537 -0.673195 0.469286
-0.999537 -0.673195 0.469286
-0.999537 -0.673195 0.469286
-0.974086 -0.652788 0.464454
-0.943797 -0.632388 0.450234
-0.913508 -0.611989 0.436013
-0.883219 -0.591589 0.421792
-0.852930 -0.571189 0.407571
-0.822641 -0.550789 0.393350
-0.792352 -0.530389 0.379130
-0.762063 -0.509989 0.364909
-0.731774 -0.489590 0.350688
-0.701485 -0.469190 0.336467
-0.671196 -0.448790 0.322246
-0.640907 -0.428390 0.308026
-0.610618 -0.407990 0.293805
-0.580329 -0.387590 0.279584
-0.550040 -0.367190 0.265363
-0.519751 -0.346791 0.251143
-0.489462 -0.326391 0.236922
-0.459173 -0.305991 0.222701
-0.428884 -0.285591 0.208480
-0.398595 -0.265191 0.194259
-0.368306 -0.244791 0.180039
-0.338017 -0.224392 0.165818
-0.307728 -0.203992 0.151597
-0.277439 -0.183592 0.137376
-0.247150 -0.163192 0.123155
-0.216861 -0.142792 0.108935
-0.186572 -0.122392 0.094714
-0.156283 -0.101992 0.080493
-0.125994 -0.081593 0.066272
-0.095705 -0.061193 0.052052
-0.065416 -0.040793 0.037831
-0.035127 -0.020393 0.023610
-0.004838 0.000007 0.009389
0.000000 0.000000 0.000000
0.000000 0.000000 0.000000
0.000000 0.000000 0.000000
0.000000 0.000000 0.000000
0.000000 0.000000 0.000000
0.000000 0.000000 0.000000
0.000000 0.000000 0.000000
0.000000 0.000000 0.000000
0.000000 0.000000 0.000000
0.000000 0.000000 0.000000
0.000000 0.000000 0.000000
0.000000 0.000000 0.000000
0.000000 0.000000 0.000000
0.000000 0.000000 0.000000
0.000000 0.000000 0.000000
0.000000 0.000000 0.000000
0.000000 0.000000 0.000000
0.000000 0.000000 0.000000
0.000000 0.000000 0.000000
0.000000 0.000000 0.000000
0.000000 0.000000 0.000000
0.000000 0.000000 0.000000
0.000000 0.000000 0.000000
0.000000 0.000000 0.000000
0.000000 0.000000 0.000000
0.000000 0.000000 0.000000
0.000000 0.000000 0.000000
0.000000 0.000000 0.000000
0.000000 0.000000 0.000000
0.000000 0.000000 0.000000
0.000000 0.000000 0.000000
0.000000 0.000000 0.000000
0.000000 0.000000 0.000000
0.000000 0.000000 0.000000
0.000000 0.000000 0.000000
0.000000 0.000000 0.000000
0.000000 0.000000 0.000000
0.000000 0.000000 0.000000
0.000000 0.000000 0.000000
0.000000 0.000000 0.000000
0.000000 0.000000 0.000000
0.000000 0.000000 0.000000
0.000000 0.000000 0.000000
0.000000 0.000000 0.000000
0.000000 0.000000 0.000000
0.000000 0.000000 0.000000
0.000000 0.000000 0.000000
0.000000 0.000000 0.000000
0.000000 0.000000 0.000000
0.000000 0.000000 0.000000
0.000000 0.000000 0.000000
0.000000 0.000000 0.000000
0.000000 0.000000 0.000000
0.000000 0.000000 0.000000
0.000000 0.000000 0.000000
0.000000 0.000000 0.000000
0.000000 0.000000 0.000000
0.000000 0.000000 0.000000
0.000000 0.000000 0.000000
0.000000 0.000000 0.000000
0.000000 0.000000 0.000000
0.000000 0.000000 0.000000
0.000000 0.000000 0.000000
0.000000 0.000000 0.000000
0.000000 0.000000 0.000000
0.000000 0.000000 0.000000
0.000000 0.000000 0.000000
0.000000 0.000000 0.000000
0.000000 0.000000 0.000000
0.000000 0.000000 0.000000
0.000000 0.000000 0.000000
0.000000 0.000000 0.000000
0.000000 0.000000 0.000000
0.000000 0.000000 0.000000
0.000000 0.000000 0.000000
0.000000 0.000000 0.000000
0.000000 0.000000 0.000000
0.000000 0.000000 0.000000
0.000000 0.000000 0.000000
0.000000 0.000000 0.000000
0.000000 0.000000 0.000000
0.000000 0.000000 0.000000
0.000000 0.000000 0.000000
0.000000 0.000000 0.000000
0.000000 0.000000 0.000000
0.000000 0.000000 0.000000
0.000000 0.000000 0.000000
0.000000 0.000000 0.000000
0.000000 0.000000 0.000000
0.000000 0.000000 0.000000
0.000000 0.000000 0.000000
0.000000 0.000000 0.000000
0.000000 0.000000 0.000000
0.000000 0.000000 0.000000
0.000000 0.000000 0.000000
0.000000 0.000000 0.000000
0.000000 0.000000 0.000000
0.000000 0.000000 0.000000
0.000000 0.000000 0.000000
0.000000 0.000000 0.000000
0.000000 0.000000 0.000000
0.000000 0.000000 0.000000
0.000000 0.000000 0.000000
0.000000 0.000000 0.000000
0.000000 0.000000 0.000000
0.000000 0.000000 0.000000
0.000000 0.000000 0.000000
0.000000 0.000000 0.000000
0.000000 0.000000 0.000000
0.000000 0.000000 0.000000
0.000000 0.000000 0.000000
0.000000 0.000000 0.000000
0.000000 0.000000 0.000000
0.000000 0.000000 0.000000
0.000000 0.000000 0.000000
0.000000 0.000000 0.000000
0.000000 0.000000 0.000000
0.000000 0.000000 0.000000
0.000000 0.000000 0.000000
0.000000 0.000000 0.000000
0.000000 0.000000 0.000000
0.000000 0.000000 0.000000
0.000000 0.000000 0.000000
0.000000 0.000000 0.000000
0.000000 0.000000 0.000000
0.000000 0.000000 0.000000
0.000000 0.000000 0.000000
0.000000 0.000000 0.000000
0.000000 0.000000 0.000000
0.000000 0.000000 0.000000
0.000000 0.000000 0.000000
0.000000 0.000000 0.000000
0.000000 0.000000 0.000000
0.000000 0.000000 0.000000
0.000000 0.000000 0.000000
0.000000 0.000000 0.000000
0.000000 0.000000 0.000000
0.000000 0.000000 0.000000
0.000000 0.000000 0.000000
0.000000 0.000000 0.000000
0.000000 0.000000 0.000000
0.000000 0.000000 0.000000
0.000000 0.000000 0.000000
0.000000 0.000000 0.000000
0.000000 0.000000 0.000000
0.000000 0.000000 0.000000
0.000000 0.000000 0.000000
0.000000 0.000000 0.000000
0.000000 0.000000 0.000000
0.000000 0.000000 0.000000
0.000000 0.000000 0.000000
0.000000 0.000000 0.000000
0.000000 0.000000 0.000000
0.000000 0.000000 0.000000
0.000000 0.000000 0.000000
0.000000 0.000000 0.000000
0.000000 0.000000 0.000000
0.000000 0.000000 0.000000
0.000000 0.000000 0.000000
0.000000 0.000000 0.000000
0.000000 0.000000 0.000000
0.000000 0.000000 0.000000
0.000000 0.000000 0.000000
0.000000 0.000000 0.000000
0.000000 0.000000 0.000000
0.000000 0.000000 0.000000
0.000000 0.000000 0.000000
0.000000 0.000000 0.000000
0.000000 0.000000 0.000000
0.000000 0.000000 0.000000
0.000000 0.000000 0.000000
0.000000 0.000000 0.000000
0.000000 0.000000 0.000000
0.000000 0.000000 0.000000
0.000000 0.000000 0.000000
0.000000 0.000000 0.000000
0.000000 0.000000 0.000000
0.000000 0.000000 0.000000
0.000000 0.000000 0.000000
0.000000 0.000000 0.000000
0.000000 0.000000 0.000000
0.000000 0.000000 0.000000
0.000000 0.000000 0.000000
0.000000 0.000000 0.000000
0.000000 0.000000 0.000000
0.000000 0.000000 0.000000
0.000000 0.000000 0.000000
0.000000 0.000000 0.000000
0.000000 0.000000 0.000000
0.000000 0.000000 0.000000
0.000000 0.000000 0.000000
0.000000 0.000000 0.000000
0.000000 0.000000 0.000000
0.000000 0.000000 0.000000
0.000000 0.000000 0.000000
0.000000 0.000000 0.000000
0.000000 0.000000 0.000000
0.000000 0.000000 0.000000
0.000000 0.000000 0.000000
0.000000 0.000000 0.000000
0.000000 0.000000 0.000000
0.030303 -0.020427 -0.014234
0.060606 -0.040855 -0.028469
0.090909 -0.061282 -0.042703
0.121212 -0.081709 -0.056937
0.151515 -0.102137 -0.071171
0.181818 -0.122564 -0.085406
0.212121 -0.142991 -0.099640
0.242424 -0.163419 -0.113874
0.272727 -0.183846 -0.128108
0.303030 -0.204274 -0.142343
0.333333 -0.224701 -0.156577
0.363636 -0.245128 -0.170811
0.393939 -0.265556 -0.185045
0.424242 -0.285983 -0.199280
0.454545 -0.306410 -0.213514
0.484848 -0.326838 -0.227748
0.515152 -0.347265 -0.241982
0.545455 -0.367692 -0.256217
0.575758 -0.388120 -0.270451
0.606061 -0.408547 -0.284685
0.636364 -0.428974 -0.298919
0.666667 -0.449402 -0.313154
0.696970 -0.469829 -0.327388
0.727273 -0.490256 -0.341622
0.757576 -0.510684 -0.355856
0.787879 -0.531111 -0.370091
0.818182 -0.551539 -0.384325
0.848485 -0.571966 -0.398559
0.878788 -0.592393 -0.412793
0.909091 -0.612821 -0.427028
0.939394 -0.633248 -0.441262
0.969697 -0.653675 -0.455496
1.000000 -0.674103 -0.469730
1.000000 -0.674103 -0.469730
1.000000 -0.674103 -0.469730
1.000000 -0.674103 -0.469730
1.000000 -0.674103 -0.469730
1.000000 -0.674103 -0.469730
1.000000 -0.674103 -0.469730
1.000000 -0.674103 -0.469730
1.000000 -0.674103 -0.469730
1.000000 -0.674103 -0.469730
1.000000 -0.674103 -0.469730
1.000000 -0.674103 -0.469730
1.000000 -0.674103 -0.469730
1.000000 -0.674103 -0.469730
1.000000 -0.674103 -0.469730
1.000000 -0.674103 -0.469730
1.000000 -0.674103 -0.469730
1.000000 -0.674103 -0.469730
1.000000 -0.674103 -0.469730
1.000000 -0.674103 -0.469730
1.000000 -0.674103 -0.469730
1.000000 -0.674103 -0.469730
1.000000 -0.674103 -0.469730
1.000000 -0.674103 -0.469730
1.000000 -0.674103 -0.469730
1.000000 -0.674103 -0.469730
1.000000 -0.674103 -0.469730
1.000000 -0.674103 -0.469730
1.000000 -0.674103 -0.469730
1.000000 -0.674103 -0.469730
1.000000 -0.674103 -0.469730
1.000000 -0.674103 -0.469730
1.000000 -0.674103 -0.469730
1.000000 -0.674103 -0.469730
1.000000 -0.674103 -0.469730
1.000000 -0.674103 -0.469730
1.000000 -0.674103 -0.469730
1.000000 -0.674103 -0.469730
1.000000 -0.674103 -0.469730
1.000000 -0.674103 -0.469730
1.000000 -0.674103 -0.469730
1.000000 -0.674103 -0.469730
1.000000 -0.674103 -0.469730
1.000000 -0.674103 -0.469730
1.000000 -0.674103 -0.469730
1.000000 -0.674103 -0.469730
1.000000 -0.674103 -0.469730
1.000000 -0.674103 -0.469730
1.000000 -0.674103 -0.469730
1.000000 -0.674103 -0.469730
1.000000 -0.674103 -0.469730
1.000000 -0.674103 -0.469730
1.000000 -0.674103 -0.469730
1.000000 -0.674103 -0.469730
1.000000 -0.674103 -0.469730
1.000000 -0.674103 -0.469730
1.000000 -0.674103 -0.469730
1.000000 -0.674103 -0.469730
1.000000 -0.674103 -0.469730
1.000000 -0.674103 -0.469730
1.000000 -0.674103 -0.469730
1.000000 -0.674103 -0.469730
1.000000 -0.674103 -0.469730
1.000000 -0.674103 -0.469730
1.000000 -0.674103 -0.469730
1.000000 -0.674103 -0.469730
1.000000 -0.674103 -0.469730
1.000000 -0.674103 -0.469730
1.000000 -0.674103 -0.469730
1.000000 -0.674103 -0.469730
1.000000 -0.674103 -0.469730
1.000000 -0.674103 -0.469730
1.000000 -0.674103 -0.469730
1.000000 -0.674103 -0.469730
1.000000 -0.674103 -0.469730
1.000000 -0.674103 -0.469730
1.000000 -0.674103 -0.469730
1.000000 -0.674103 -0.469730
1.000000 -0.674103 -0.469730
1.000000 -0.674103 -0.469730
1.000000 -0.674103 -0.469730
1.000000 -0.674103 -0.469730
1.000000 -0.674103 -0.469730
1.000000 -0.674103 -0.469730
1.000000 -0.674103 -0.469730
1.000000 -0.674103 -0.469730
1.000000 -0.674103 -0.469730
1.000000 -0.674103 -0.469730
1.000000 -0.674103 -0.469730
1.000000 -0.674103 -0.469730
1.000000 -0.674103 -0.469730
1.000000 -0.674103 -0.469730
1.000000 -0.674103 -0.469730
1.000000 -0.674103 -0.469730
1.000000 -0.674103 -0.469730
1.000000 -0.674103 -0.469730
1.000000 -0.674103 -0.469730
1.000000 -0.674103 -0.469730
1.000000 -0.674103 -0.469730
1.000000 -0.674103 -0.469730
1.000000 -0.674103 -0.469730
1.000000 -0.674103 -0.469730
1.000000 -0.674103 -0.469730
1.000000 -0.674103 -0.469730
1.000000 -0.674103 -0.469730
1.000000 -0.674103 -0.469730
1.000000 -0.674103 -0.469730
1.000000 -0.674103 -0.469730
1.000000 -0.674103 -0.469730
1.000000 -0.674103 -0.469730
1.000000 -0.674103 -0.469730
1.000000 -0.674103 -0.469730
1.000000 -0.674103 -0.469730
1.000000 -0.674103 -0.469730
1.000000 -0.674103 -0.469730
1.000000 -0.674103 -0.469730
1.000000 -0.674103 -0.469730
1.000000 -0.674103 -0.469730
1.000000 -0.674103 -0.469730
1.000000 -0.674103 -0.469730
1.000000 -0.674103 -0.469730
1.000000 -0.674103 -0.469730
1.000000 -0.674103 -0.469730
1.000000 -0.674103 -0.469730
1.000000 -0.674103 -0.469730
1.000000 -0.674103 -0.469730
1.000000 -0.674103 -0.469730
1.000000 -0.674103 -0.469730
1.000000 -0.674103 -0.469730
1.000000 -0.674103 -0.469730
1.000000 -0.674103 -0.469730
1.000000 -0.674103 -0.469730
1.000000 -0.674103 -0.469730
1.000000 -0.674103 -0.469730
1.000000 -0.674103 -0.469730
1.000000 -0.674103 -0.469730
1.000000 -0.674103 -0.469730
1.000000 -0.674103 -0.469730
1.000000 -0.674103 -0.469730
1.000000 -0.674103 -0.469730
1.000000 -0.674103 -0.469730
1.000000 -0.674103 -0.469730
1.000000 -0.674103 -0.469730
1.000000 -0.674103 -0.469730
1.000000 -0.674103 -0.469730
1.000000 -0.674103 -0.469730
1.000000 -0.674103 -0.469730
1.000000 -0.674103 -0.469730
1.000000 -0.674103 -0.469730
1.000000 -0.674103 -0.469730
1.000000 -0.674103 -0.469730
1.000000 -0.674103 -0.469730
1.000000 -0.674103 -0.469730
1.000000 -0.674103 -0.469730
1.000000 -0.674103 -0.469730
1.000000 -0.674103 -0.469730
1.000000 -0.674103 -0.469730
1.000000 -0.674103 -0.469730
1.000000 -0.674103 -0.469730
1.000000 -0.674103 -0.469730
1.000000 -0.674103 -0.469730
1.000000 -0.674103 -0.469730
1.000000 -0.674103 -0.469730
1.000000 -0.674103 -0.469730
1.000000 -0.674103 -0.469730
1.000000 -0.674103 -0.469730
1.000000 -0.674103 -0.469730
1.000000 -0.674103 -0.469730
1.000000 -0.674103 -0.469730
1.000000 -0.674103 -0.469730
1.000000 -0.674103 -0.469730
1.000000 -0.674103 -0.469730
1.000000 -0.674103 -0.469730
1.000000 -0.674103 -0.469730
1.000000 -0.674103 -0.469730
1.000000 -0.674103 -0.469730
1.000000 -0.674103 -0.469730
1.000000 -0.674103 -0.469730
1.000000 -0.674103 -0.469730
1.000000 -0.674103 -0.469730
1.000000 -0.674103 -0.469730
1.000000 -0.674103 -0.469730
1.000000 -0.674103 -0.469730
1.000000 -0.674103 -0.469730
1.000000 -0.674103 -0.469730
1.000000 -0.674103 -0.469730
1.000000 -0.674103 -0.469730
1.000000 -0.674103 -0.469730
1.000000 -0.674103 -0.469730
1.000000 -0.674103 -0.469730
1.000000 -0.674103 -0.469730
1.000000 -0.674103 -0.469730
1.000000 -0.674103 -0.469730
1.000000 -0.674103 -0.469730
1.000000 -0.674103 -0.469730
1.000000 -0.674103 -0.469730
1.000000 -0.674103 -0.469730
1.000000 -0.674103 -0.469730
1.000000 -0.674103 -0.469730
1.000000 -0.674103 -0.469730
1.000000 -0.674103 -0.469730
1.000000 -0.674103 -0.469730
1.000000 -0.674103 -0.469730
1.000000 -0.674103 -0.469730
1.000000 -0.674103 -0.469730
1.000000 -0.674103 -0.469730
1.000000 -0.674103 -0.469730
1.000000 -0.674103 -0.469730
1.000000 -0.674103 -0.469730
1.000000 -0.674103 -0.469730
1.000000 -0.674103 -0.469730
1.000000 -0.674103 -0.469730
1.000000 -0.674103 -0.469730
1.000000 -0.674103 -0.469730
1.000000 -0.674103 -0.469730
1.000000 -0.674103 -0.469730
1.000000 -0.674103 -0.469730
1.000000 -0.674103 -0.469730
1.000000 -0.674103 -0.469730
1.000000 -0.674103 -0.469730
1.000000 -0.674103 -0.469730
1.000000 -0.674103 -0.469730
1.000000 -0.674103 -0.469730
1.000000 -0.674103 -0.469730
1.000000 -0.674103 -0.469730
1.000000 -0.674103 -0.469730
1.000000 -0.674103 -0.469730
1.000000 -0.674103 -0.469730
1.000000 -0.674103 -0.469730
1.000000 -0.674103 -0.469730
1.000000 -0.674103 -0.469730
1.000000 -0.674103 -0.469730
1.000000 -0.674103 -0.469730
1.000000 -0.674103 -0.469730
1.000000 -0.674103 -0.469730
1.000000 -0.674103 -0.469730
1.000000 -0.674103 -0.469730
1.000000 -0.674103 -0.469730
1.000000 -0.674103 -0.469730
1.000000 -0.674103 -0.469730
1.000000 -0.674103 -0.469730
1.000000 -0.674103 -0.469730
1.000000 -0.674103 -0.469730
1.000000 -0.674103 -0.469730
1.000000 -0.674103 -0.469730
1.000000 -0.674103 -0.469730
1.000000 -0.674103 -0.469730
1.000000 -0.674103 -0.469730
1.000000 -0.674103 -0.469730
1.000000 -0.674103 -0.469730
1.000000 -0.674103 -0.469730
1.000000 -0.674103 -0.469730
1.000000 -0.674103 -0.469730
1.000000 -0.674103 -0.469730
1.000000 -0.674103 -0.469730
1.000000 -0.674103 -0.469730
1.000000 -0.674103 -0.469730
1.000000 -0.674103 -0.469730
1.000000 -0.674103 -0.469730
1.000000 -0.674103 -0.469730
1.000000 -0.674103 -0.469730
1.000000 -0.674103 -0.469730
1.000000 -0.674103 -0.469730
1.000000 -0.674103 -0.469730
1.000000 -0.674103 -0.469730
1.000000 -0.674103 -0.469730
1.000000 -0.674103 -0.469730
1.000000 -0.674103 -0.469730
1.000000 -0.674103 -0.469730
1.000000 -0.674103 -0.469730
1.000000 -0.674103 -0.469730
1.000000 -0.674103 -0.469730
1.000000 -0.674103 -0.469730
1.000000 -0.674103 -0.469730
1.000000 -0.674103 -0.469730
1.000000 -0.674103 -0.469730
1.000000 -0.674103 -0.469730
1.000000 -0.674103 -0.469730
1.000000 -0.674103 -0.469730
1.000000 -0.674103 -0.469730
1.000000 -0.674103 -0.469730
1.000000 -0.674103 -0.469730
1.000000 -0.674103 -0.469730
1.000000 -0.674103 -0.469730
1.000000 -0.674103 -0.469730
1.000000 -0.674103 -0.469730
1.000000 -0.674103 -0.469730
1.000000 -0.674103 -0.469730
1.000000 -0.674103 -0.469730
1.000000 -0.674103 -0.469730
1.000000 -0.674103 -0.469730
1.000000 -0.674103 -0.469730
1.000000 -0.674103 -0.469730
1.000000 -0.674103 -0.469730
1.000000 -0.674103 -0.469730
1.000000 -0.674103 -0.469730
1.000000 -0.674103 -0.469730
1.000000 -0.674103 -0.469730
1.000000 -0.674103 -0.469730
1.000000 -0.674103 -0.469730
1.000000 -0.674103 -0.469730
1.000000 -0.674103 -0.469730
1.000000 -0.674103 -0.469730
1.000000 -0.674103 -0.469730
1.000000 -0.674103 -0.469730
1.000000 -0.674103 -0.469730
1.000000 -0.674103 -0.469730
1.000000 -0.674103 -0.469730
1.000000 -0.674103 -0.469730
1.000000 -0.674103 -0.469730
0.974535 -0.653682 -0.464885
0.949071 -0.633261 -0.460040
0.923606 -0.612841 -0.455195
0.898141 -0.592420 -0.450350
0.872676 -0.572000 -0.445505
0.847212 -0.551579 -0.440660
0.821747 -0.531158 -0.435815
0.796282 -0.510738 -0.430970
0.770817 -0.490317 -0.426125
0.745353 -0.469896 -0.421280
0.719888 -0.449476 -0.416435
0.694423 -0.429055 -0.411590
0.668959 -0.408635 -0.406745
0.643494 -0.388214 -0.401900
0.618029 -0.367793 -0.397055
0.592564 -0.347373 -0.392210
0.567100 -0.326952 -0.387365
0.541635 -0.306532 -0.382520
0.516170 -0.286111 -0.377675
0.490705 -0.265690 -0.372830
0.465241 -0.245270 -0.367985
0.439776 -0.224849 -0.363139
0.414311 -0.204428 -0.358294
0.388847 -0.184008 -0.353449
0.363382 -0.163587 -0.348604
0.337917 -0.143167 -0.343759
0.312452 -0.122746 -0.338914
0.286988 -0.102325 -0.334069
0.261523 -0.081905 -0.329224
0.236058 -0.061484 -0.324379
0.210593 -0.041063 -0.319534
0.185129 -0.020643 -0.314689
0.159664 -0.000222 -0.309844
0.134199 0.020198 -0.304999
0.108735 0.040619 -0.300154
0.083270 0.061040 -0.295309
0.057805 0.081460 -0.290464
0.032340 0.101881 -0.285619
0.006876 0.122301 -0.280774
-0.018589 0.142722 -0.275929
-0.044054 0.163143 -0.271084
-0.069518 0.183563 -0.266239
-0.094983 0.203984 -0.261394
-0.120448 0.224405 -0.256549
-0.145913 0.244825 -0.251704
-0.171377 0.265246 -0.246859
-0.196842 0.285666 -0.242014
-0.222307 0.306087 -0.237168
-0.247772 0.326508 -0.232323
-0.273236 0.346928 -0.227478
-0.298701 0.367349 -0.222633
-0.324166 0.387770 -0.217788
-0.349630 0.408190 -0.212943
-0.375095 0.428611 -0.208098
-0.400560 0.449031 -0.203253
-0.426025 0.469452 -0.198408
-0.451489 0.489873 -0.193563
-0.476954 0.510293 -0.188718
-0.502419 0.530714 -0.183873
-0.527884 0.551135 -0.179028
-0.553348 0.571555 -0.174183
-0.578813 0.591976 -0.169338
-0.604278 0.612396 -0.164493
-0.629742 0.632817 -0.159648
-0.655207 0.653238 -0.154803
-0.680672 0.673658 -0.149958
-0.680672 0.673658 -0.149958
-0.680672 0.673658 -0.149958
-0.680672 0.673658 -0.149958
-0.680672 0.673658 -0.149958
-0.680672 0.673658 -0.149958
-0.680672 0.673658 -0.149958
-0.680672 0.673658 -0.149958
-0.680672 0.673658 -0.149958
-0.680672 0.673658 -0.149958
-0.680672 0.673658 -0.149958
-0.680672 0.673658 -0.149958
-0.680672 0.673658 -0.149958
-0.680672 0.673658 -0.149958
-0.680672 0.673658 -0.149958
-0.680672 0.673658 -0.149958
-0.680672 0.673658 -0.149958
-0.680672 0.673658 -0.149958
-0.680672 0.673658 -0.149958
-0.680672 0.673658 -0.149958
-0.680672 0.673658 -0.149958
-0.680672 0.673658 -0.149958
-0.680672 0.673658 -0.149958
-0.680672 0.673658 -0.149958
-0.680672 0.673658 -0.149958
-0.680672 0.673658 -0.149958
-0.680672 0.673658 -0.149958
-0.680672 0.673658 -0.149958
-0.680672 0.673658 -0.149958
-0.680672 0.673658 -0.149958
-0.680672 0.673658 -0.149958
-0.680672 0.673658 -0.149958
-0.680672 0.673658 -0.149958
-0.680672 0.673658 -0.149958
-0.680672 0.673658 -0.149958
-0.680672 0.673658 -0.149958
-0.680672 0.673658 -0.149958
-0.680672 0.673658 -0.149958
-0.680672 0.673658 -0.149958
-0.680672 0.673658 -0.149958
-0.680672 0.673658 -0.149958
-0.680672 0.673658 -0.149958
-0.680672 0.673658 -0.149958
-0.680672 0.673658 -0.149958
-0.680672 0.673658 -0.149958
-0.680672 0.673658 -0.149958
-0.680672 0.673658 -0.149958
-0.680672 0.673658 -0.149958
-0.680672 0.673658 -0.149958
-0.680672 0.673658 -0.149958
-0.680672 0.673658 -0.149958
-0.680672 0.673658 -0.149958
-0.680672 0.673658 -0.149958
-0.680672 0.673658 -0.149958
-0.680672 0.673658 -0.149958
-0.680672 0.673658 -0.149958
-0.680672 0.673658 -0.149958
-0.680672 0.673658 -0.149958
-0.680672 0.673658 -0.149958
-0.680672 0.673658 -0.149958
-0.680672 0.673658 -0.149958
-0.680672 0.673658 -0.149958
-0.680672 0.673658 -0.149958
-0.680672 0.673658 -0.149958
-0.680672 0.673658 -0.149958
-0.680672 0.673658 -0.149958
-0.680672 0.673658 -0.149958
-0.680672 0.673658 -0.149958
-0.680672 0.673658 -0.149958
-0.680672 0.673658 -0.149958
-0.680672 0.673658 -0.149958
-0.680672 0.673658 -0.149958
-0.680672 0.673658 -0.149958
-0.680672 0.673658 -0.149958
-0.680672 0.673658 -0.149958
-0.680672 0.673658 -0.149958
-0.680672 0.673658 -0.149958
-0.680672 0.673658 -0.149958
-0.680672 0.673658 -0.149958
-0.680672 0.673658 -0.149958
-0.680672 0.673658 -0.149958
-0.680672 0.673658 -0.149958
-0.680672 0.673658 -0.149958
-0.680672 0.673658 -0.149958
-0.680672 0.673658 -0.149958
-0.680672 0.673658 -0.149958
-0.680672 0.673658 -0.149958
-0.680672 0.673658 -0.149958
-0.680672 0.673658 -0.149958
-0.680672 0.673658 -0.149958
-0.680672 0.673658 -0.149958
-0.680672 0.673658 -0.149958
-0.680672 0.673658 -0.149958
-0.680672 0.673658 -0.149958
-0.680672 0.673658 -0.149958
-0.680672 0.673658 -0.149958
-0.680672 0.673658 -0.149958
-0.680672 0.673658 -0.149958
-0.680672 0.673658 -0.149958
-0.680672 0.673658 -0.149958
-0.680672 0.673658 -0.149958
-0.680672 0.673658 -0.149958
-0.680672 0.673658 -0.149958
-0.680672 0.673658 -0.149958
-0.680672 0.673658 -0.149958
-0.680672 0.673658 -0.149958
-0.680672 0.673658 -0.149958
-0.680672 0.673658 -0.149958
-0.680672 0.673658 -0.149958
-0.680672 0.673658 -0.149958
-0.680672 0.673658 -0.149958
-0.680672 0.673658 -0.149958
-0.680672 0.673658 -0.149958
-0.680672 0.673658 -0.149958
-0.680672 0.673658 -0.149958
-0.680672 0.673658 -0.149958
-0.680672 0.673658 -0.149958
-0.680672 0.673658 -0.149958
-0.680672 0.673658 -0.149958
-0.680672 0.673658 -0.149958
-0.680672 0.673658 -0.149958
-0.680672 0.673658 -0.149958
-0.680672 0.673658 -0.149958
-0.680672 0.673658 -0.149958
-0.680672 0.673658 -0.149958
-0.680672 0.673658 -0.149958
-0.680672 0.673658 -0.149958
-0.680672 0.673658 -0.149958
-0.680672 0.673658 -0.149958
-0.680672 0.673658 -0.149958
-0.680672 0.673658 -0.149958
-0.680672 0.673658 -0.149958
-0.680672 0.673658 -0.149958
-0.680672 0.673658 -0.149958
-0.680672 0.673658 -0.149958
-0.680672 0.673658 -0.149958
-0.680672 0.673658 -0.149958
-0.680672 0.673658 -0.149958
-0.680672 0.673658 -0.149958
-0.680672 0.673658 -0.149958
-0.680672 0.673658 -0.149958
-0.680672 0.673658 -0.149958
-0.680672 0.673658 -0.149958
-0.680672 0.673658 -0.149958
-0.680672 0.673658 -0.149958
-0.680672 0.673658 -0.149958
-0.680672 0.673658 -0.149958
-0.680672 0.673658 -0.149958
-0.680672 0.673658 -0.149958
-0.680672 0.673658 -0.149958
-0.680672 0.673658 -0.149958
-0.680672 0.673658 -0.149958
-0.680672 0.673658 -0.149958
-0.680672 0.673658 -0.149958
-0.680672 0.673658 -0.149958
-0.680672 0.673658 -0.149958
-0.680672 0.673658 -0.149958
-0.680672 0.673658 -0.149958
-0.680672 0.673658 -0.149958
-0.680672 0.673658 -0.149958
-0.680672 0.673658 -0.149958
-0.680672 0.673658 -0.149958
-0.680672 0.673658 -0.149958
-0.680672 0.673658 -0.149958
-0.680672 0.673658 -0.149958
-0.680672 0.673658 -0.149958
-0.680672 0.673658 -0.149958
-0.680672 0.673658 -0.149958
-0.680672 0.673658 -0.149958
-0.680672 0.673658 -0.149958
-0.680672 0.673658 -0.149958
-0.680672 0.673658 -0.149958
-0.680672 0.673658 -0.149958
-0.680672 0.673658 -0.149958
-0.680672 0.673658 -0.149958
-0.680672 0.673658 -0.149958
-0.680672 0.673658 -0.149958
-0.680672 0.673658 -0.149958
-0.680672 0.673658 -0.149958
-0.680672 0.673658 -0.149958
-0.680672 0.673658 -0.149958
-0.680672 0.673658 -0.149958
-0.680672 0.673658 -0.149958
-0.680672 0.673658 -0.149958
-0.680672 0.673658 -0.149958
-0.680672 0.673658 -0.149958
-0.680672 0.673658 -0.149958
-0.680672 0.673658 -0.149958
-0.680672 0.673658 -0.149958
-0.680672 0.673658 -0.149958
-0.680672 0.673658 -0.149958
-0.680672 0.673658 -0.149958
-0.680672 0.673658 -0.149958
-0.680672 0.673658 -0.149958
-0.680672 0.673658 -0.149958
-0.680672 0.673658 -0.149958
-0.680672 0.673658 -0.149958
-0.680672 0.673658 -0.149958
-0.680672 0.673658 -0.149958
-0.680672 0.673658 -0.149958
-0.680672 0.673658 -0.149958
-0.680672 0.673658 -0.149958
-0.680672 0.673658 -0.149958
-0.680672 0.673658 -0.149958
-0.680672 0.673658 -0.149958
-0.680672 0.673658 -0.149958
-0.680672 0.673658 -0.149958
-0.680672 0.673658 -0.149958
-0.680672 0.673658 -0.149958
-0.680672 0.673658 -0.149958
-0.680672 0.673658 -0.149958
-0.680672 0.673658 -0.149958
-0.680672 0.673658 -0.149958
-0.680672 0.673658 -0.149958
-0.680672 0.673658 -0.149958
-0.680672 0.673658 -0.149958
-0.680672 0.673658 -0.149958
-0.680672 0.673658 -0.149958
-0.680672 0.673658 -0.149958
-0.680672 0.673658 -0.149958
-0.680672 0.673658 -0.149958
-0.680672 0.673658 -0.149958
-0.680672 0.673658 -0.149958
-0.680672 0.673658 -0.149958
-0.680672 0.673658 -0.149958
-0.680672 0.673658 -0.149958
-0.680672 0.673658 -0.149958
-0.680672 0.673658 -0.149958
-0.680672 0.673658 -0.149958
-0.680672 0.673658 -0.149958
-0.680672 0.673658 -0.149958
-0.680672 0.673658 -0.149958
-0.680672 0.673658 -0.149958
-0.680672 0.673658 -0.149958
-0.680672 0.673658 -0.149958
-0.680672 0.673658 -0.149958
-0.680672 0.673658 -0.149958
-0.680672 0.673658 -0.149958
-0.680672 0.673658 -0.149958
-0.680672 0.673658 -0.149958
-0.680672 0.673658 -0.149958
-0.680672 0.673658 -0.149958
-0.680672 0.673658 -0.149958
-0.680672 0.673658 -0.149958
-0.680672 0.673658 -0.149958
-0.680672 0.673658 -0.149958
-0.680672 0.673658 -0.149958
-0.680672 0.673658 -0.149958
-0.680672 0.673658 -0.149958
-0.680672 0.673658 -0.149958
-0.680672 0.673658 -0.149958
-0.680672 0.673658 -0.149958
-0.680672 0.673658 -0.149958
-0.680672 0.673658 -0.149958
-0.680672 0.673658 -0.149958
-0.680672 0.673658 -0.149958
-0.680672 0.673658 -0.149958
-0.680672 0.673658 -0.149958
-0.680672 0.673658 -0.149958
-0.680672 0.673658 -0.149958
-0.680672 0.673658 -0.149958
-0.680672 0.673658 -0.149958
-0.680672 0.673658 -0.149958
-0.680672 0.673658 -0.149958
-0.680672 0.673658 -0.149958
-0.680672 0.673658 -0.149958
-0.680672 0.673658 -0.149958
-0.680672 0.673658 -0.149958
-0.680672 0.673658 -0.149958
-0.680672 0.673658 -0.149958
-0.680672 0.673658 -0.149958
-0.680672 0.673658 -0.149958
-0.680672 0.673658 -0.149958
-0.680672 0.673658 -0.149958
-0.680672 0.673658 -0.149958
-0.680672 0.673658 -0.149958
-0.680672 0.673658 -0.149958
-0.680672 0.673658 -0.149958
-0.680672 0.673658 -0.149958
-0.680672 0.673658 -0.149958
-0.680672 0.673658 -0.149958
-0.680672 0.673658 -0.149958
-0.680672 0.673658 -0.149958
-0.680672 0.673658 -0.149958
-0.680672 0.673658 -0.149958
-0.680672 0.673658 -0.149958
-0.680672 0.673658 -0.149958
-0.680672 0.673658 -0.149958
-0.680672 0.673658 -0.149958
-0.680672 0.673658 -0.149958
-0.680672 0.673658 -0.149958
-0.680672 0.673658 -0.149958
-0.680672 0.673658 -0.149958
-0.680672 0.673658 -0.149958
-0.680672 0.673658 -0.149958
-0.680672 0.673658 -0.149958
-0.680672 0.673658 -0.149958
-0.680672 0.673658 -0.149958
-0.680672 0.673658 -0.149958
-0.680672 0.673658 -0.149958
-0.680672 0.673658 -0.149958
-0.680672 0.673658 -0.149958
-0.680672 0.673658 -0.149958
-0.680672 0.673658 -0.149958
-0.680672 0.673658 -0.149958
-0.680672 0.673658 -0.149958
-0.680672 0.673658 -0.149958
-0.680672 0.673658 -0.149958
-0.680672 0.673658 -0.149958
-0.680672 0.673658 -0.149958
-0.655207 0.653238 -0.154803
-0.634581 0.632824 -0.150259
-0.613954 0.612410 -0.145714
-0.593328 0.591996 -0.141170
-0.572702 0.571582 -0.136626
-0.552075 0.551168 -0.132082
-0.531449 0.530754 -0.127538
-0.510822 0.510340 -0.122994
-0.490196 0.489927 -0.118449
-0.469569 0.469513 -0.113905
-0.448943 0.449099 -0.109361
-0.428317 0.428685 -0.104817
-0.407690 0.408271 -0.100273
-0.387064 0.387857 -0.095729
-0.366437 0.367443 -0.091184
-0.345811 0.347029 -0.086640
-0.325184 0.326615 -0.082096
-0.304558 0.306202 -0.077552
-0.283932 0.285788 -0.073008
-0.263305 0.265374 -0.068463
-0.242679 0.244960 -0.063919
-0.222052 0.224546 -0.059375
-0.201426 0.204132 -0.054831
-0.180799 0.183718 -0.050287
-0.160173 0.163304 -0.045743
-0.139547 0.142890 -0.041198
-0.118920 0.122477 -0.036654
-0.098294 0.102063 -0.032110
-0.077667 0.081649 -0.027566
-0.057041 0.061235 -0.023022
-0.036415 0.040821 -0.018478
-0.015788 0.020407 -0.013933
0.004838 -0.000007 -0.009389
