    1702
0.000000 0.000000 0.000000
0.018892 0.018855 0.017536
0.037785 0.037709 0.035072
0.056677 0.056564 0.052608
0.075570 0.075418 0.070144
0.094462 0.094273 0.087680
0.113355 0.113127 0.105216
0.132247 0.131982 0.122752
0.151140 0.150837 0.140288
0.170032 0.169691 0.157824
0.188925 0.188546 0.175360
0.207817 0.207400 0.192896
0.226710 0.226255 0.210432
0.245602 0.245110 0.227968
0.264495 0.263964 0.245504
0.283387 0.282819 0.263040
0.302280 0.301673 0.280576
0.321172 0.320528 0.298113
0.340065 0.339382 0.315649
0.358957 0.358237 0.333185
0.377850 0.377092 0.350721
0.396742 0.395946 0.368257
0.415635 0.414801 0.385793
0.434527 0.433655 0.403329
0.453419 0.452510 0.420865
0.472312 0.471364 0.438401
0.491204 0.490219 0.455937
0.510097 0.509074 0.473473
0.528989 0.527928 0.491009
0.547882 0.546783 0.508545
0.566774 0.565637 0.526081
0.585667 0.584492 0.543617
0.604559 0.603347 0.561153
0.623452 0.622201 0.578689
0.623452 0.622201 0.578689
0.623452 0.622201 0.578689
0.623452 0.622201 0.578689
0.623452 0.622201 0.578689
0.623452 0.622201 0.578689
0.623452 0.622201 0.578689
0.623452 0.622201 0.578689
0.623452 0.622201 0.578689
0.623452 0.622201 0.578689
0.623452 0.622201 0.578689
0.623452 0.622201 0.578689
0.623452 0.622201 0.578689
0.623452 0.622201 0.578689
0.623452 0.622201 0.578689
0.623452 0.622201 0.578689
0.623452 0.622201 0.578689
0.623452 0.622201 0.578689
0.623452 0.622201 0.578689
0.623452 0.622201 0.578689
0.623452 0.622201 0.578689
0.623452 0.622201 0.578689
0.623452 0.622201 0.578689
0.623452 0.622201 0.578689
0.623452 0.622201 0.578689
0.623452 0.622201 0.578689
0.623452 0.622201 0.578689
0.623452 0.622201 0.578689
0.623452 0.622201 0.578689
0.604559 0.603308 0.578727
0.585667 0.584416 0.578765
0.566774 0.565523 0.578803
0.547882 0.546631 0.578841
0.528989 0.527738 0.578879
0.510097 0.508845 0.578917
0.491204 0.489953 0.578955
0.472312 0.471060 0.578993
0.453419 0.452168 0.579031
0.434527 0.433275 0.579069
0.415635 0.414382 0.579107
0.396742 0.395490 0.579145
0.377850 0.376597 0.579183
0.358957 0.357705 0.579221
0.340065 0.338812 0.579259
0.321172 0.319919 0.579297
0.302280 0.301027 0.579335
0.283387 0.282134 0.579373
0.264495 0.263242 0.579411
0.245602 0.244349 0.579450
0.226710 0.225456 0.579488
0.207817 0.206564 0.579526
0.188925 0.187671 0.579564
0.170032 0.168779 0.579602
0.151140 0.149886 0.579640
0.132247 0.130993 0.579678
0.113355 0.112101 0.579716
0.094462 0.093208 0.579754
0.075570 0.074316 0.579792
0.056677 0.055423 0.579830
0.037785 0.036530 0.579868
0.018892 0.017676 0.562332
-0.000000 -0.001179 0.544796
-0.022460 -0.023600 0.527267
-0.044919 -0.046022 0.509738
-0.067379 -0.068444 0.492209
-0.089838 -0.090866 0.474680
-0.112298 -0.113287 0.457151
-0.134757 -0.135709 0.439623
-0.157217 -0.158131 0.422094
-0.179676 -0.180552 0.404565
-0.202136 -0.202974 0.387036
-0.224596 -0.225396 0.369507
-0.247055 -0.247817 0.351978
-0.269515 -0.270239 0.334450
-0.291974 -0.292661 0.316921
-0.314434 -0.315082 0.299392
-0.336893 -0.337504 0.281863
-0.359353 -0.359926 0.264334
-0.381812 -0.382347 0.246805
-0.404272 -0.404769 0.229276
-0.426732 -0.427191 0.211748
-0.449191 -0.449612 0.194219
-0.471651 -0.472034 0.176690
-0.494110 -0.494456 0.159161
-0.516570 -0.516877 0.141632
-0.539029 -0.539299 0.124103
-0.561489 -0.561721 0.106574
-0.583948 -0.584142 0.089046
-0.606408 -0.606564 0.071517
-0.628868 -0.628986 0.053988
-0.651327 -0.651408 0.036459
-0.673787 -0.673829 0.018930
-0.696246 -0.696251 0.001401
-0.718706 -0.718670 -0.017180
-0.741165 -0.741090 -0.035762
-0.741165 -0.741049 -0.054389
-0.741165 -0.741009 -0.073016
-0.741165 -0.740969 -0.091643
-0.741165 -0.740928 -0.110269
-0.741165 -0.740888 -0.128896
-0.741165 -0.740848 -0.147523
-0.741165 -0.740808 -0.166150
-0.741165 -0.740767 -0.184777
-0.741165 -0.740727 -0.203404
-0.741165 -0.740687 -0.222031
-0.741165 -0.740646 -0.240658
-0.741165 -0.740606 -0.259285
-0.741165 -0.740566 -0.277911
-0.741165 -0.740525 -0.296538
-0.741165 -0.740485 -0.315165
-0.741165 -0.740445 -0.333792
-0.741165 -0.740405 -0.352419
-0.741165 -0.740364 -0.371046
-0.741165 -0.740324 -0.389673
-0.741165 -0.740284 -0.408300
-0.741165 -0.740243 -0.426926
-0.741165 -0.740203 -0.445553
-0.741165 -0.740163 -0.464180
-0.741165 -0.740122 -0.482807
-0.741165 -0.740082 -0.501434
-0.741165 -0.740042 -0.520061
-0.741165 -0.740001 -0.538688
-0.741165 -0.739961 -0.557315
-0.741165 -0.739921 -0.575941
-0.741165 -0.739881 -0.594568
-0.741165 -0.739840 -0.613195
-0.741165 -0.739840 -0.613195
-0.741165 -0.739840 -0.613195
-0.741165 -0.739840 -0.613195
-0.741165 -0.739840 -0.613195
-0.741165 -0.739840 -0.613195
-0.741165 -0.739840 -0.613195
-0.741165 -0.739840 -0.613195
-0.741165 -0.739840 -0.613195
-0.741165 -0.739840 -0.613195
-0.741165 -0.739840 -0.613195
-0.741165 -0.739840 -0.613195
-0.741165 -0.739840 -0.613195
-0.741165 -0.739840 -0.613195
-0.741165 -0.739840 -0.613195
-0.741165 -0.739840 -0.613195
-0.741165 -0.739840 -0.613195
-0.741165 -0.739840 -0.613195
-0.741165 -0.739840 -0.613195
-0.741165 -0.739840 -0.613195
-0.741165 -0.739840 -0.613195
-0.741165 -0.739840 -0.613195
-0.741165 -0.739840 -0.613195
-0.741165 -0.739840 -0.613195
-0.741165 -0.739840 -0.613195
-0.741165 -0.739840 -0.613195
-0.741165 -0.739840 -0.613195
-0.741165 -0.739840 -0.613195
-0.741165 -0.739840 -0.613195
-0.741165 -0.739840 -0.613195
-0.741165 -0.739840 -0.613195
-0.741165 -0.739840 -0.613195
-0.741165 -0.739840 -0.613195
-0.741165 -0.739840 -0.613195
-0.741165 -0.739840 -0.613195
-0.741165 -0.739840 -0.613195
-0.741165 -0.739840 -0.613195
-0.741165 -0.739840 -0.613195
-0.741165 -0.739840 -0.613195
-0.741165 -0.739840 -0.613195
-0.741165 -0.739840 -0.613195
-0.741165 -0.739840 -0.613195
-0.741165 -0.739840 -0.613195
-0.741165 -0.739840 -0.613195
-0.741165 -0.739840 -0.613195
-0.741165 -0.739840 -0.613195
-0.741165 -0.739840 -0.613195
-0.741165 -0.739840 -0.613195
-0.741165 -0.739840 -0.613195
-0.741165 -0.739840 -0.613195
-0.741165 -0.739840 -0.613195
-0.741165 -0.739840 -0.613195
-0.741165 -0.739840 -0.613195
-0.741165 -0.739840 -0.613195
-0.741165 -0.739840 -0.613195
-0.741165 -0.739840 -0.613195
-0.741165 -0.739840 -0.613195
-0.741165 -0.739840 -0.613195
-0.741165 -0.739840 -0.613195
-0.741165 -0.739840 -0.613195
-0.741165 -0.739840 -0.613195
-0.741165 -0.739840 -0.613195
-0.741165 -0.739840 -0.613195
-0.741165 -0.739840 -0.613195
-0.741165 -0.739840 -0.613195
-0.741165 -0.739840 -0.613195
-0.741165 -0.739840 -0.613195
-0.741165 -0.739840 -0.613195
-0.741165 -0.739840 -0.613195
-0.741165 -0.739840 -0.613195
-0.741165 -0.739840 -0.613195
-0.741165 -0.739840 -0.613195
-0.741165 -0.739840 -0.613195
-0.741165 -0.739840 -0.613195
-0.741165 -0.739840 -0.613195
-0.741165 -0.739840 -0.613195
-0.741165 -0.739840 -0.613195
-0.741165 -0.739840 -0.613195
-0.741165 -0.739840 -0.613195
-0.741165 -0.739840 -0.613195
-0.741165 -0.739840 -0.613195
-0.741165 -0.739840 -0.613195
-0.741165 -0.739840 -0.613195
-0.741165 -0.739840 -0.613195
-0.741165 -0.739840 -0.613195
-0.741165 -0.739840 -0.613195
-0.741165 -0.739840 -0.613195
-0.741165 -0.739840 -0.613195
-0.741165 -0.739840 -0.613195
-0.741165 -0.739840 -0.613195
-0.741165 -0.739840 -0.613195
-0.741165 -0.739840 -0.613195
-0.718706 -0.717381 -0.613240
-0.696246 -0.694921 -0.613286
-0.673787 -0.672461 -0.613331
-0.651327 -0.650001 -0.613376
-0.628868 -0.627542 -0.613421
-0.606408 -0.605082 -0.613466
-0.583948 -0.582622 -0.613512
-0.561489 -0.560163 -0.613557
-0.539029 -0.537703 -0.613602
-0.516570 -0.515243 -0.613647
-0.494110 -0.492783 -0.613693
-0.471651 -0.470324 -0.613738
-0.449191 -0.447864 -0.613783
-0.426732 -0.425404 -0.613828
-0.404272 -0.402945 -0.613873
-0.381812 -0.380485 -0.613919
-0.359353 -0.358025 -0.613964
-0.336893 -0.335566 -0.614009
-0.314434 -0.313106 -0.614054
-0.291974 -0.290646 -0.614099
-0.269515 -0.268186 -0.614145
-0.247055 -0.245727 -0.614190
-0.224596 -0.223267 -0.614235
-0.202136 -0.200807 -0.614280
-0.179676 -0.178348 -0.614325
-0.157217 -0.155888 -0.614371
-0.134757 -0.133428 -0.614416
-0.112298 -0.110969 -0.614461
-0.089838 -0.088509 -0.614506
-0.067379 -0.066049 -0.614551
-0.044919 -0.043589 -0.614597
-0.022460 -0.021130 -0.614642
0.000000 0.001330 -0.614687
0.030263 0.031593 -0.614748
0.060525 0.061855 -0.614809
0.090788 0.092118 -0.614870
0.121050 0.122381 -0.614931
0.151313 0.152644 -0.614992
0.181575 0.182906 -0.615052
0.211838 0.213169 -0.615113
0.242100 0.243432 -0.615174
0.272363 0.273695 -0.615235
0.302625 0.303957 -0.615296
0.332888 0.334220 -0.615357
0.363150 0.364483 -0.615418
0.393413 0.394745 -0.615479
0.423675 0.425008 -0.615540
0.453938 0.455271 -0.615601
0.484200 0.485534 -0.615662
0.514463 0.515796 -0.615723
0.544725 0.546059 -0.615783
0.574988 0.576322 -0.615844
0.605250 0.606585 -0.615905
0.635513 0.636847 -0.615966
0.665776 0.667110 -0.616027
0.696038 0.697373 -0.616088
0.726301 0.727635 -0.616149
0.756563 0.757898 -0.616210
0.786826 0.788161 -0.616271
0.817088 0.818424 -0.616332
0.847351 0.848686 -0.616393
0.877613 0.878949 -0.616453
0.907876 0.909212 -0.616514
0.938138 0.939475 -0.616575
0.968401 0.969737 -0.616636
0.998663 1.000000 -0.616697
0.998663 1.000000 -0.616697
0.998663 1.000000 -0.616697
0.998663 1.000000 -0.616697
0.998663 1.000000 -0.616697
0.998663 1.000000 -0.616697
0.998663 1.000000 -0.616697
0.998663 1.000000 -0.616697
0.998663 1.000000 -0.616697
0.998663 1.000000 -0.616697
0.998663 1.000000 -0.616697
0.998663 1.000000 -0.616697
0.998663 1.000000 -0.616697
0.998663 1.000000 -0.616697
0.998663 1.000000 -0.616697
0.998663 1.000000 -0.616697
0.998663 1.000000 -0.616697
0.998663 1.000000 -0.616697
0.998663 1.000000 -0.616697
0.998663 1.000000 -0.616697
0.998663 1.000000 -0.616697
0.998663 1.000000 -0.616697
0.998663 1.000000 -0.616697
0.998663 1.000000 -0.616697
0.998663 1.000000 -0.616697
0.998663 1.000000 -0.616697
0.998663 1.000000 -0.616697
0.998663 1.000000 -0.616697
0.998663 0.999960 -0.598070
0.998663 0.999919 -0.579443
0.998663 0.999879 -0.560816
0.998663 0.999839 -0.542190
0.998663 0.999798 -0.523563
0.998663 0.999758 -0.504936
0.998663 0.999718 -0.486309
0.998663 0.999678 -0.467682
0.998663 0.999637 -0.449055
0.998663 0.999597 -0.430428
0.998663 0.999557 -0.411801
0.998663 0.999516 -0.393175
0.998663 0.999476 -0.374548
0.998663 0.999436 -0.355921
0.998663 0.999395 -0.337294
0.998663 0.999355 -0.318667
0.998663 0.999315 -0.300040
0.998663 0.999275 -0.281413
0.998663 0.999234 -0.262786
0.998663 0.999194 -0.244159
0.998663 0.999154 -0.225533
0.998663 0.999113 -0.206906
0.998663 0.999073 -0.188279
0.998663 0.999033 -0.169652
0.998663 0.998992 -0.151025
0.998663 0.998952 -0.132398
0.998663 0.998912 -0.113771
0.998663 0.998871 -0.095144
0.998663 0.998831 -0.076518
0.998663 0.998791 -0.057891
0.998663 0.998751 -0.039264
0.998663 0.998710 -0.020637
0.998663 0.998670 -0.002010
0.998663 0.998630 0.016617
0.998663 0.998589 0.035244
0.998663 0.998549 0.053871
0.998663 0.998509 0.072497
0.998663 0.998468 0.091124
0.998663 0.998428 0.109751
0.998663 0.998388 0.128378
0.998663 0.998348 0.147005
0.998663 0.998307 0.165632
0.998663 0.998267 0.184259
0.998663 0.998227 0.202886
0.998663 0.998186 0.221512
0.998663 0.998146 0.240139
0.998663 0.998106 0.258766
0.998663 0.998065 0.277393
0.998663 0.998025 0.296020
0.998663 0.997985 0.314647
0.998663 0.997945 0.333274
0.998663 0.997904 0.351901
0.998663 0.997864 0.370528
0.998663 0.997824 0.389154
0.998663 0.997783 0.407781
0.998663 0.997743 0.426408
0.998663 0.997703 0.445035
0.998663 0.997662 0.463662
0.998663 0.997622 0.482289
0.998663 0.997582 0.500916
0.998663 0.997541 0.519543
0.998663 0.997501 0.538169
0.998663 0.997461 0.556796
0.998663 0.997421 0.575423
0.998663 0.997380 0.594050
0.998663 0.997340 0.612677
0.998663 0.997340 0.612677
0.998663 0.997340 0.612677
0.998663 0.997340 0.612677
0.998663 0.997340 0.612677
0.998663 0.997340 0.612677
0.998663 0.997340 0.612677
0.998663 0.997340 0.612677
0.998663 0.997340 0.612677
0.998663 0.997340 0.612677
0.998663 0.997340 0.612677
0.998663 0.997340 0.612677
0.998663 0.997340 0.612677
0.998663 0.997340 0.612677
0.998663 0.997340 0.612677
0.998663 0.997340 0.612677
0.998663 0.997340 0.612677
0.998663 0.997340 0.612677
0.998663 0.997340 0.612677
0.998663 0.997340 0.612677
0.998663 0.997340 0.612677
0.998663 0.997340 0.612677
0.998663 0.997340 0.612677
0.998663 0.997340 0.612677
0.998663 0.997340 0.612677
0.998663 0.997340 0.612677
0.998663 0.997340 0.612677
0.998663 0.997340 0.612677
0.998663 0.997340 0.612677
0.968401 0.967077 0.612738
0.938138 0.936814 0.612799
0.907876 0.906552 0.612860
0.877613 0.876289 0.612921
0.847351 0.846026 0.612982
0.817088 0.815764 0.613042
0.786826 0.785501 0.613103
0.756563 0.755238 0.613164
0.726301 0.724975 0.613225
0.696038 0.694713 0.613286
0.665776 0.664450 0.613347
0.635513 0.634187 0.613408
0.605250 0.603925 0.613469
0.574988 0.573662 0.613530
0.544725 0.543399 0.613591
0.514463 0.513136 0.613652
0.484200 0.482874 0.613712
0.453938 0.452611 0.613773
0.423675 0.422348 0.613834
0.393413 0.392085 0.613895
0.363150 0.361823 0.613956
0.332888 0.331560 0.614017
0.302625 0.301297 0.614078
0.272363 0.271035 0.614139
0.242100 0.240772 0.614200
0.211838 0.210509 0.614261
0.181575 0.180246 0.614322
0.151313 0.149984 0.614382
0.121050 0.119721 0.614443
0.090788 0.089458 0.614504
0.060525 0.059195 0.614565
0.030263 0.028933 0.614626
-0.000000 -0.001330 0.614687
-0.022529 -0.023859 0.614732
-0.045058 -0.046388 0.614778
-0.067587 -0.068917 0.614823
-0.090116 -0.091446 0.614868
-0.112645 -0.113975 0.614914
-0.135174 -0.136504 0.614959
-0.157702 -0.159034 0.615004
-0.180231 -0.181563 0.615050
-0.202760 -0.204092 0.615095
-0.225289 -0.226621 0.615140
-0.247818 -0.249150 0.615186
-0.270347 -0.271679 0.615231
-0.292876 -0.294208 0.615277
-0.315405 -0.316737 0.615322
-0.337934 -0.339266 0.615367
-0.360463 -0.361795 0.615413
-0.382992 -0.384324 0.615458
-0.405521 -0.406853 0.615503
-0.428050 -0.429382 0.615549
-0.450578 -0.451912 0.615594
-0.473107 -0.474441 0.615639
-0.495636 -0.496970 0.615685
-0.518165 -0.519499 0.615730
-0.540694 -0.542028 0.615775
-0.563223 -0.564557 0.615821
-0.585752 -0.587086 0.615866
-0.608281 -0.609615 0.615911
-0.630810 -0.632144 0.615957
-0.653339 -0.654673 0.616002
-0.675868 -0.677202 0.616047
-0.698397 -0.699731 0.616093
-0.720926 -0.722260 0.616138
-0.743454 -0.744789 0.616183
-0.743454 -0.744789 0.616183
-0.743454 -0.744789 0.616183
-0.743454 -0.744789 0.616183
-0.743454 -0.744789 0.616183
-0.743454 -0.744789 0.616183
-0.743454 -0.744789 0.616183
-0.743454 -0.744789 0.616183
-0.743454 -0.744789 0.616183
-0.743454 -0.744789 0.616183
-0.743454 -0.744789 0.616183
-0.743454 -0.744789 0.616183
-0.743454 -0.744789 0.616183
-0.743454 -0.744789 0.616183
-0.743454 -0.744789 0.616183
-0.743454 -0.744789 0.616183
-0.743454 -0.744789 0.616183
-0.743454 -0.744789 0.616183
-0.743454 -0.744789 0.616183
-0.743454 -0.744789 0.616183
-0.743454 -0.744789 0.616183
-0.743454 -0.744789 0.616183
-0.743454 -0.744789 0.616183
-0.743454 -0.744789 0.616183
-0.743454 -0.744789 0.616183
-0.743454 -0.744789 0.616183
-0.743454 -0.744789 0.616183
-0.743454 -0.744789 0.616183
-0.743454 -0.744789 0.616183
-0.743454 -0.744789 0.616183
-0.743454 -0.744789 0.616183
-0.743454 -0.744789 0.616183
-0.743454 -0.744789 0.616183
-0.743454 -0.744789 0.616183
-0.743454 -0.744789 0.616183
-0.743454 -0.744789 0.616183
-0.743454 -0.744789 0.616183
-0.743454 -0.744789 0.616183
-0.743454 -0.744789 0.616183
-0.743454 -0.744789 0.616183
-0.743454 -0.744789 0.616183
-0.743454 -0.744789 0.616183
-0.743454 -0.744789 0.616183
-0.743454 -0.744789 0.616183
-0.743454 -0.744789 0.616183
-0.743454 -0.744789 0.616183
-0.743454 -0.744789 0.616183
-0.743454 -0.744789 0.616183
-0.743454 -0.744789 0.616183
-0.743454 -0.744789 0.616183
-0.743454 -0.744789 0.616183
-0.743454 -0.744789 0.616183
-0.743454 -0.744789 0.616183
-0.743454 -0.744789 0.616183
-0.743454 -0.744789 0.616183
-0.743454 -0.744789 0.616183
-0.743454 -0.744789 0.616183
-0.743454 -0.744789 0.616183
-0.743454 -0.744789 0.616183
-0.743454 -0.744789 0.616183
-0.743454 -0.744789 0.616183
-0.743454 -0.744789 0.616183
-0.743454 -0.744789 0.616183
-0.743454 -0.744789 0.616183
-0.743454 -0.744789 0.616183
-0.743454 -0.744789 0.616183
-0.743454 -0.744789 0.616183
-0.743454 -0.744789 0.616183
-0.743454 -0.744789 0.616183
-0.743454 -0.744789 0.616183
-0.743454 -0.744789 0.616183
-0.743454 -0.744789 0.616183
-0.743454 -0.744789 0.616183
-0.743454 -0.744789 0.616183
-0.743454 -0.744789 0.616183
-0.743454 -0.744789 0.616183
-0.743454 -0.744789 0.616183
-0.743454 -0.744789 0.616183
-0.743454 -0.744789 0.616183
-0.743454 -0.744789 0.616183
-0.743454 -0.744789 0.616183
-0.743454 -0.744789 0.616183
-0.743454 -0.744789 0.616183
-0.743454 -0.744789 0.616183
-0.743454 -0.744789 0.616183
-0.743454 -0.744789 0.616183
-0.743454 -0.744789 0.616183
-0.743454 -0.744789 0.616183
-0.743454 -0.744789 0.616183
-0.743454 -0.744789 0.616183
-0.743454 -0.744789 0.616183
-0.743454 -0.744749 0.597557
-0.743454 -0.744709 0.578930
-0.743454 -0.744669 0.560303
-0.743454 -0.744628 0.541676
-0.743454 -0.744588 0.523049
-0.743454 -0.744548 0.504422
-0.743454 -0.744507 0.485795
-0.743454 -0.744467 0.467168
-0.743454 -0.744427 0.448541
-0.743454 -0.744386 0.429915
-0.743454 -0.744346 0.411288
-0.743454 -0.744306 0.392661
-0.743454 -0.744266 0.374034
-0.743454 -0.744225 0.355407
-0.743454 -0.744185 0.336780
-0.743454 -0.744145 0.318153
-0.743454 -0.744104 0.299526
-0.743454 -0.744064 0.280900
-0.743454 -0.744024 0.262273
-0.743454 -0.743983 0.243646
-0.743454 -0.743943 0.225019
-0.743454 -0.743903 0.206392
-0.743454 -0.743862 0.187765
-0.743454 -0.743822 0.169138
-0.743454 -0.743782 0.150511
-0.743454 -0.743742 0.131885
-0.743454 -0.743701 0.113258
-0.743454 -0.743661 0.094631
-0.743454 -0.743621 0.076004
-0.743454 -0.743580 0.057377
-0.743454 -0.743540 0.038750
-0.743454 -0.743500 0.020123
-0.720926 -0.720930 0.001451
-0.698397 -0.698363 -0.016168
-0.675868 -0.675796 -0.033788
-0.653339 -0.653229 -0.051407
-0.630810 -0.630662 -0.069027
-0.608281 -0.608095 -0.086646
-0.585752 -0.585528 -0.104265
-0.563223 -0.562961 -0.121885
-0.540694 -0.540394 -0.139504
-0.518165 -0.517826 -0.157124
-0.495636 -0.495259 -0.174743
-0.473107 -0.472692 -0.192362
-0.450578 -0.450125 -0.209982
-0.428050 -0.427558 -0.227601
-0.405521 -0.404991 -0.245221
-0.382992 -0.382424 -0.262840
-0.360463 -0.359857 -0.280459
-0.337934 -0.337290 -0.298079
-0.315405 -0.314723 -0.315698
-0.292876 -0.292155 -0.333318
-0.270347 -0.269588 -0.350937
-0.247818 -0.247021 -0.368556
-0.225289 -0.224454 -0.386176
-0.202760 -0.201887 -0.403795
-0.180231 -0.179320 -0.421415
-0.157702 -0.156753 -0.439034
-0.135174 -0.134186 -0.456653
-0.112645 -0.111619 -0.474273
-0.090116 -0.089052 -0.491892
-0.067587 -0.066484 -0.509512
-0.045058 -0.043917 -0.527131
-0.022529 -0.021350 -0.544750
0.000000 0.001217 -0.562370
0.019339 0.020594 -0.579983
0.038678 0.039933 -0.580022
0.058017 0.059272 -0.580061
0.077356 0.078612 -0.580100
0.096695 0.097951 -0.580138
0.116034 0.117290 -0.580177
0.135373 0.136629 -0.580216
0.154713 0.155968 -0.580255
0.174052 0.175308 -0.580294
0.193391 0.194647 -0.580333
0.212730 0.213986 -0.580372
0.232069 0.233325 -0.580411
0.251408 0.252664 -0.580450
0.270747 0.272004 -0.580489
0.290086 0.291343 -0.580528
0.309425 0.310682 -0.580567
0.328764 0.330021 -0.580606
0.348103 0.349360 -0.580644
0.367442 0.368700 -0.580683
0.386781 0.388039 -0.580722
0.406120 0.407378 -0.580761
0.425460 0.426717 -0.580800
0.444799 0.446056 -0.580839
0.464138 0.465396 -0.580878
0.483477 0.484735 -0.580917
0.502816 0.504074 -0.580956
0.522155 0.523413 -0.580995
0.541494 0.542752 -0.581034
0.560833 0.562092 -0.581073
0.580172 0.581431 -0.581112
0.599511 0.600770 -0.581151
0.618850 0.620109 -0.581189
0.638189 0.639448 -0.581228
0.638189 0.639448 -0.581228
0.638189 0.639448 -0.581228
0.638189 0.639448 -0.581228
0.638189 0.639448 -0.581228
0.638189 0.639448 -0.581228
0.638189 0.639448 -0.581228
0.638189 0.639448 -0.581228
0.638189 0.639448 -0.581228
0.638189 0.639448 -0.581228
0.638189 0.639448 -0.581228
0.638189 0.639448 -0.581228
0.638189 0.639448 -0.581228
0.638189 0.639448 -0.581228
0.638189 0.639448 -0.581228
0.638189 0.639448 -0.581228
0.638189 0.639448 -0.581228
0.638189 0.639448 -0.581228
0.638189 0.639448 -0.581228
0.638189 0.639448 -0.581228
0.638189 0.639448 -0.581228
0.638189 0.639448 -0.581228
0.638189 0.639448 -0.581228
0.638189 0.639448 -0.581228
0.638189 0.639448 -0.581228
0.638189 0.639448 -0.581228
0.638189 0.639448 -0.581228
0.638189 0.639448 -0.581228
0.618850 0.620071 -0.563615
0.599511 0.600694 -0.546002
0.580172 0.581317 -0.528389
0.560833 0.561940 -0.510776
0.541494 0.542562 -0.493163
0.522155 0.523185 -0.475550
0.502816 0.503808 -0.457937
0.483477 0.484431 -0.440325
0.464138 0.465053 -0.422712
0.444799 0.445676 -0.405099
0.425460 0.426299 -0.387486
0.406120 0.406922 -0.369873
0.386781 0.387545 -0.352260
0.367442 0.368167 -0.334647
0.348103 0.348790 -0.317034
0.328764 0.329413 -0.299421
0.309425 0.310036 -0.281808
0.290086 0.290658 -0.264195
0.270747 0.271281 -0.246582
0.251408 0.251904 -0.228969
0.232069 0.232527 -0.211356
0.212730 0.213149 -0.193743
0.193391 0.193772 -0.176130
0.174052 0.174395 -0.158517
0.154713 0.155018 -0.140904
0.135373 0.135641 -0.123291
0.116034 0.116263 -0.105678
0.096695 0.096886 -0.088065
0.077356 0.077509 -0.070452
0.058017 0.058132 -0.052839
0.038678 0.038754 -0.035226
0.019339 0.019377 -0.017613
0.000000 0.000000 0.000000
0.000000 0.000000 0.000000
0.000000 0.000000 0.000000
0.000000 0.000000 0.000000
0.000000 0.000000 0.000000
0.000000 0.000000 0.000000
0.000000 0.000000 0.000000
0.000000 0.000000 0.000000
0.000000 0.000000 0.000000
0.000000 0.000000 0.000000
0.000000 0.000000 0.000000
0.000000 0.000000 0.000000
0.000000 0.000000 0.000000
0.000000 0.000000 0.000000
0.000000 0.000000 0.000000
0.000000 0.000000 0.000000
0.000000 0.000000 0.000000
0.000000 0.000000 0.000000
0.000000 0.000000 0.000000
0.000000 0.000000 0.000000
0.000000 0.000000 0.000000
0.000000 0.000000 0.000000
0.000000 0.000000 0.000000
0.000000 0.000000 0.000000
0.000000 0.000000 0.000000
0.000000 0.000000 0.000000
0.000000 0.000000 0.000000
0.000000 0.000000 0.000000
0.000000 0.000000 0.000000
0.000000 0.000000 0.000000
0.000000 0.000000 0.000000
0.000000 0.000000 0.000000
0.000000 0.000000 0.000000
0.000000 0.000000 0.000000
0.000000 0.000000 0.000000
0.000000 0.000000 0.000000
0.000000 0.000000 0.000000
0.000000 0.000000 0.000000
0.000000 0.000000 0.000000
0.000000 0.000000 0.000000
0.000000 0.000000 0.000000
0.000000 0.000000 0.000000
0.000000 0.000000 0.000000
0.000000 0.000000 0.000000
0.000000 0.000000 0.000000
0.000000 0.000000 0.000000
0.000000 0.000000 0.000000
0.000000 0.000000 0.000000
0.000000 0.000000 0.000000
0.000000 0.000000 0.000000
0.000000 0.000000 0.000000
0.000000 0.000000 0.000000
0.000000 0.000000 0.000000
0.000000 0.000000 0.000000
0.000000 0.000000 0.000000
0.000000 0.000000 0.000000
0.000000 0.000000 0.000000
0.000000 0.000000 0.000000
0.000000 0.000000 0.000000
0.000000 0.000000 0.000000
0.000000 0.000000 0.000000
0.000000 0.000000 0.000000
0.000000 0.000000 0.000000
0.000000 0.000000 0.000000
0.000000 0.000000 0.000000
0.000000 0.000000 0.000000
0.000000 0.000000 0.000000
0.000000 0.000000 0.000000
0.000000 0.000000 0.000000
0.000000 0.000000 0.000000
0.000000 0.000000 0.000000
0.000000 0.000000 0.000000
0.000000 0.000000 0.000000
0.000000 0.000000 0.000000
0.000000 0.000000 0.000000
0.000000 0.000000 0.000000
0.000000 0.000000 0.000000
0.000000 0.000000 0.000000
0.000000 0.000000 0.000000
0.000000 0.000000 0.000000
0.000000 0.000000 0.000000
0.000000 0.000000 0.000000
0.000000 0.000000 0.000000
0.000000 0.000000 0.000000
0.000000 0.000000 0.000000
0.000000 0.000000 0.000000
0.000000 0.000000 0.000000
0.000000 0.000000 0.000000
0.000000 0.000000 0.000000
0.000000 0.000000 0.000000
0.000000 0.000000 0.000000
0.000000 0.000000 0.000000
0.000000 0.000000 0.000000
0.000000 0.000000 0.000000
0.000000 0.000000 0.000000
0.000000 0.000000 0.000000
0.000000 0.000000 0.000000
0.000000 0.000000 0.000000
0.000000 0.000000 0.000000
0.000000 0.000000 0.000000
0.000000 0.000000 0.000000
0.000000 0.000000 0.000000
0.000000 0.000000 0.000000
0.000000 0.000000 0.000000
0.000000 0.000000 0.000000
0.000000 0.000000 0.000000
0.000000 0.000000 0.000000
0.000000 0.000000 0.000000
0.000000 0.000000 0.000000
0.000000 0.000000 0.000000
0.000000 0.000000 0.000000
0.000000 0.000000 0.000000
0.000000 0.000000 0.000000
0.000000 0.000000 0.000000
0.000000 0.000000 0.000000
0.000000 0.000000 0.000000
0.000000 0.000000 0.000000
0.000000 0.000000 0.000000
0.000000 0.000000 0.000000
0.000000 0.000000 0.000000
0.000000 0.000000 0.000000
0.000000 0.000000 0.000000
0.000000 0.000000 0.000000
0.000000 0.000000 0.000000
0.000000 0.000000 0.000000
0.000000 0.000000 0.000000
0.000000 0.000000 0.000000
0.000000 0.000000 0.000000
0.000000 0.000000 0.000000
0.000000 0.000000 0.000000
0.000000 0.000000 0.000000
0.000000 0.000000 0.000000
0.000000 0.000000 0.000000
0.000000 0.000000 0.000000
0.000000 0.000000 0.000000
0.000000 0.000000 0.000000
0.000000 0.000000 0.000000
0.000000 0.000000 0.000000
0.000000 0.000000 0.000000
0.000000 0.000000 0.000000
0.000000 0.000000 0.000000
0.000000 0.000000 0.000000
0.000000 0.000000 0.000000
0.000000 0.000000 0.000000
0.000000 0.000000 0.000000
0.000000 0.000000 0.000000
0.000000 0.000000 0.000000
0.000000 0.000000 0.000000
0.000000 0.000000 0.000000
0.000000 0.000000 0.000000
0.000000 0.000000 0.000000
0.000000 0.000000 0.000000
0.000000 0.000000 0.000000
0.000000 0.000000 0.000000
0.000000 0.000000 0.000000
0.000000 0.000000 0.000000
0.000000 0.000000 0.000000
0.000000 0.000000 0.000000
0.000000 0.000000 0.000000
0.000000 0.000000 0.000000
0.000000 0.000000 0.000000
0.000000 0.000000 0.000000
0.000000 0.000000 0.000000
0.000000 0.000000 0.000000
0.000000 0.000000 0.000000
0.000000 0.000000 0.000000
0.000000 0.000000 0.000000
0.000000 0.000000 0.000000
0.000000 0.000000 0.000000
0.000000 0.000000 0.000000
0.000000 0.000000 0.000000
0.000000 0.000000 0.000000
0.000000 0.000000 0.000000
0.000000 0.000000 0.000000
0.000000 0.000000 0.000000
0.000000 0.000000 0.000000
0.000000 0.000000 0.000000
0.000000 0.000000 0.000000
0.000000 0.000000 0.000000
0.000000 0.000000 0.000000
0.000000 0.000000 0.000000
0.000000 0.000000 0.000000
0.000000 0.000000 0.000000
0.000000 0.000000 0.000000
0.000000 0.000000 0.000000
0.000000 0.000000 0.000000
0.000000 0.000000 0.000000
0.000000 0.000000 0.000000
0.000000 0.000000 0.000000
0.000000 0.000000 0.000000
0.000000 0.000000 0.000000
0.000000 0.000000 0.000000
0.000000 0.000000 0.000000
0.000000 0.000000 0.000000
0.000000 0.000000 0.000000
0.000000 0.000000 0.000000
0.000000 0.000000 0.000000
0.000000 0.000000 0.000000
0.000000 0.000000 0.000000
0.000000 0.000000 0.000000
0.000000 0.000000 0.000000
0.000000 0.000000 0.000000
0.018892 -0.018855 -0.017536
0.037785 -0.037709 -0.035072
0.056677 -0.056564 -0.052608
0.075570 -0.075418 -0.070144
0.094462 -0.094273 -0.087680
0.113355 -0.113127 -0.105216
0.132247 -0.131982 -0.122752
0.151140 -0.150837 -0.140288
0.170032 -0.169691 -0.157824
0.188925 -0.188546 -0.175360
0.207817 -0.207400 -0.192896
0.226710 -0.226255 -0.210432
0.245602 -0.245110 -0.227968
0.264495 -0.263964 -0.245504
0.283387 -0.282819 -0.263040
0.302280 -0.301673 -0.280576
0.321172 -0.320528 -0.298113
0.340065 -0.339382 -0.315649
0.358957 -0.358237 -0.333185
0.377850 -0.377092 -0.350721
0.396742 -0.395946 -0.368257
0.415635 -0.414801 -0.385793
0.434527 -0.433655 -0.403329
0.453419 -0.452510 -0.420865
0.472312 -0.471364 -0.438401
0.491204 -0.490219 -0.455937
0.510097 -0.509074 -0.473473
0.528989 -0.527928 -0.491009
0.547882 -0.546783 -0.508545
0.566774 -0.565637 -0.526081
0.585667 -0.584492 -0.543617
0.604559 -0.603347 -0.561153
0.623452 -0.622201 -0.578689
0.623452 -0.622201 -0.578689
0.623452 -0.622201 -0.578689
0.623452 -0.622201 -0.578689
0.623452 -0.622201 -0.578689
0.623452 -0.622201 -0.578689
0.623452 -0.622201 -0.578689
0.623452 -0.622201 -0.578689
0.623452 -0.622201 -0.578689
0.623452 -0.622201 -0.578689
0.623452 -0.622201 -0.578689
0.623452 -0.622201 -0.578689
0.623452 -0.622201 -0.578689
0.623452 -0.622201 -0.578689
0.623452 -0.622201 -0.578689
0.623452 -0.622201 -0.578689
0.623452 -0.622201 -0.578689
0.623452 -0.622201 -0.578689
0.623452 -0.622201 -0.578689
0.623452 -0.622201 -0.578689
0.623452 -0.622201 -0.578689
0.623452 -0.622201 -0.578689
0.623452 -0.622201 -0.578689
0.623452 -0.622201 -0.578689
0.623452 -0.622201 -0.578689
0.623452 -0.622201 -0.578689
0.623452 -0.622201 -0.578689
0.623452 -0.622201 -0.578689
0.623452 -0.622201 -0.578689
0.604559 -0.603308 -0.578727
0.585667 -0.584416 -0.578765
0.566774 -0.565523 -0.578803
0.547882 -0.546631 -0.578841
0.528989 -0.527738 -0.578879
0.510097 -0.508845 -0.578917
0.491204 -0.489953 -0.578955
0.472312 -0.471060 -0.578993
0.453419 -0.452168 -0.579031
0.434527 -0.433275 -0.579069
0.415635 -0.414382 -0.579107
0.396742 -0.395490 -0.579145
0.377850 -0.376597 -0.579183
0.358957 -0.357705 -0.579221
0.340065 -0.338812 -0.579259
0.321172 -0.319919 -0.579297
0.302280 -0.301027 -0.579335
0.283387 -0.282134 -0.579373
0.264495 -0.263242 -0.579411
0.245602 -0.244349 -0.579450
0.226710 -0.225456 -0.579488
0.207817 -0.206564 -0.579526
0.188925 -0.187671 -0.579564
0.170032 -0.168779 -0.579602
0.151140 -0.149886 -0.579640
0.132247 -0.130993 -0.579678
0.113355 -0.112101 -0.579716
0.094462 -0.093208 -0.579754
0.075570 -0.074316 -0.579792
0.056677 -0.055423 -0.579830
0.037785 -0.036530 -0.579868
0.018892 -0.017676 -0.562332
0.000000 0.001179 -0.544796
-0.022460 0.023600 -0.527267
-0.044919 0.046022 -0.509738
-0.067379 0.068444 -0.492209
-0.089838 0.090866 -0.474680
-0.112298 0.113287 -0.457151
-0.134757 0.135709 -0.439623
-0.157217 0.158131 -0.422094
-0.179676 0.180552 -0.404565
-0.202136 0.202974 -0.387036
-0.224596 0.225396 -0.369507
-0.247055 0.247817 -0.351978
-0.269515 0.270239 -0.334450
-0.291974 0.292661 -0.316921
-0.314434 0.315082 -0.299392
-0.336893 0.337504 -0.281863
-0.359353 0.359926 -0.264334
-0.381812 0.382347 -0.246805
-0.404272 0.404769 -0.229276
-0.426732 0.427191 -0.211748
-0.449191 0.449612 -0.194219
-0.471651 0.472034 -0.176690
-0.494110 0.494456 -0.159161
-0.516570 0.516877 -0.141632
-0.539029 0.539299 -0.124103
-0.561489 0.561721 -0.106574
-0.583948 0.584142 -0.089046
-0.606408 0.606564 -0.071517
-0.628868 0.628986 -0.053988
-0.651327 0.651408 -0.036459
-0.673787 0.673829 -0.018930
-0.696246 0.696251 -0.001401
-0.718706 0.718670 0.017180
-0.741165 0.741090 0.035762
-0.741165 0.741049 0.054389
-0.741165 0.741009 0.073016
-0.741165 0.740969 0.091643
-0.741165 0.740928 0.110269
-0.741165 0.740888 0.128896
-0.741165 0.740848 0.147523
-0.741165 0.740808 0.166150
-0.741165 0.740767 0.184777
-0.741165 0.740727 0.203404
-0.741165 0.740687 0.222031
-0.741165 0.740646 0.240658
-0.741165 0.740606 0.259285
-0.741165 0.740566 0.277911
-0.741165 0.740525 0.296538
-0.741165 0.740485 0.315165
-0.741165 0.740445 0.333792
-0.741165 0.740405 0.352419
-0.741165 0.740364 0.371046
-0.741165 0.740324 0.389673
-0.741165 0.740284 0.408300
-0.741165 0.740243 0.426926
-0.741165 0.740203 0.445553
-0.741165 0.740163 0.464180
-0.741165 0.740122 0.482807
-0.741165 0.740082 0.501434
-0.741165 0.740042 0.520061
-0.741165 0.740001 0.538688
-0.741165 0.739961 0.557315
-0.741165 0.739921 0.575941
-0.741165 0.739881 0.594568
-0.741165 0.739840 0.613195
-0.741165 0.739840 0.613195
-0.741165 0.739840 0.613195
-0.741165 0.739840 0.613195
-0.741165 0.739840 0.613195
-0.741165 0.739840 0.613195
-0.741165 0.739840 0.613195
-0.741165 0.739840 0.613195
-0.741165 0.739840 0.613195
-0.741165 0.739840 0.613195
-0.741165 0.739840 0.613195
-0.741165 0.739840 0.613195
-0.741165 0.739840 0.613195
-0.741165 0.739840 0.613195
-0.741165 0.739840 0.613195
-0.741165 0.739840 0.613195
-0.741165 0.739840 0.613195
-0.741165 0.739840 0.613195
-0.741165 0.739840 0.613195
-0.741165 0.739840 0.613195
-0.741165 0.739840 0.613195
-0.741165 0.739840 0.613195
-0.741165 0.739840 0.613195
-0.741165 0.739840 0.613195
-0.741165 0.739840 0.613195
-0.741165 0.739840 0.613195
-0.741165 0.739840 0.613195
-0.741165 0.739840 0.613195
-0.741165 0.739840 0.613195
-0.741165 0.739840 0.613195
-0.741165 0.739840 0.613195
-0.741165 0.739840 0.613195
-0.741165 0.739840 0.613195
-0.741165 0.739840 0.613195
-0.741165 0.739840 0.613195
-0.741165 0.739840 0.613195
-0.741165 0.739840 0.613195
-0.741165 0.739840 0.613195
-0.741165 0.739840 0.613195
-0.741165 0.739840 0.613195
-0.741165 0.739840 0.613195
-0.741165 0.739840 0.613195
-0.741165 0.739840 0.613195
-0.741165 0.739840 0.613195
-0.741165 0.739840 0.613195
-0.741165 0.739840 0.613195
-0.741165 0.739840 0.613195
-0.741165 0.739840 0.613195
-0.741165 0.739840 0.613195
-0.741165 0.739840 0.613195
-0.741165 0.739840 0.613195
-0.741165 0.739840 0.613195
-0.741165 0.739840 0.613195
-0.741165 0.739840 0.613195
-0.741165 0.739840 0.613195
-0.741165 0.739840 0.613195
-0.741165 0.739840 0.613195
-0.741165 0.739840 0.613195
-0.741165 0.739840 0.613195
-0.741165 0.739840 0.613195
-0.741165 0.739840 0.613195
-0.741165 0.739840 0.613195
-0.741165 0.739840 0.613195
-0.741165 0.739840 0.613195
-0.741165 0.739840 0.613195
-0.741165 0.739840 0.613195
-0.741165 0.739840 0.613195
-0.741165 0.739840 0.613195
-0.741165 0.739840 0.613195
-0.741165 0.739840 0.613195
-0.741165 0.739840 0.613195
-0.741165 0.739840 0.613195
-0.741165 0.739840 0.613195
-0.741165 0.739840 0.613195
-0.741165 0.739840 0.613195
-0.741165 0.739840 0.613195
-0.741165 0.739840 0.613195
-0.741165 0.739840 0.613195
-0.741165 0.739840 0.613195
-0.741165 0.739840 0.613195
-0.741165 0.739840 0.613195
-0.741165 0.739840 0.613195
-0.741165 0.739840 0.613195
-0.741165 0.739840 0.613195
-0.741165 0.739840 0.613195
-0.741165 0.739840 0.613195
-0.741165 0.739840 0.613195
-0.741165 0.739840 0.613195
-0.741165 0.739840 0.613195
-0.741165 0.739840 0.613195
-0.741165 0.739840 0.613195
-0.741165 0.739840 0.613195
-0.718706 0.717381 0.613240
-0.696246 0.694921 0.613286
-0.673787 0.672461 0.613331
-0.651327 0.650001 0.613376
-0.628868 0.627542 0.613421
-0.606408 0.605082 0.613466
-0.583948 0.582622 0.613512
-0.561489 0.560163 0.613557
-0.539029 0.537703 0.613602
-0.516570 0.515243 0.613647
-0.494110 0.492783 0.613693
-0.471651 0.470324 0.613738
-0.449191 0.447864 0.613783
-0.426732 0.425404 0.613828
-0.404272 0.402945 0.613873
-0.381812 0.380485 0.613919
-0.359353 0.358025 0.613964
-0.336893 0.335566 0.614009
-0.314434 0.313106 0.614054
-0.291974 0.290646 0.614099
-0.269515 0.268186 0.614145
-0.247055 0.245727 0.614190
-0.224596 0.223267 0.614235
-0.202136 0.200807 0.614280
-0.179676 0.178348 0.614325
-0.157217 0.155888 0.614371
-0.134757 0.133428 0.614416
-0.112298 0.110969 0.614461
-0.089838 0.088509 0.614506
-0.067379 0.066049 0.614551
-0.044919 0.043589 0.614597
-0.022460 0.021130 0.614642
-0.000000 -0.001330 0.614687
0.030263 -0.031593 0.614748
0.060525 -0.061855 0.614809
0.090788 -0.092118 0.614870
0.121050 -0.122381 0.614931
0.151313 -0.152644 0.614992
0.181575 -0.182906 0.615052
0.211838 -0.213169 0.615113
0.242100 -0.243432 0.615174
0.272363 -0.273695 0.615235
0.302625 -0.303957 0.615296
0.332888 -0.334220 0.615357
0.363150 -0.364483 0.615418
0.393413 -0.394745 0.615479
0.423675 -0.425008 0.615540
0.453938 -0.455271 0.615601
0.484200 -0.485534 0.615662
0.514463 -0.515796 0.615723
0.544725 -0.546059 0.615783
0.574988 -0.576322 0.615844
0.605250 -0.606585 0.615905
0.635513 -0.636847 0.615966
0.665776 -0.667110 0.616027
0.696038 -0.697373 0.616088
0.726301 -0.727635 0.616149
0.756563 -0.757898 0.616210
0.786826 -0.788161 0.616271
0.817088 -0.818424 0.616332
0.847351 -0.848686 0.616393
0.877613 -0.878949 0.616453
0.907876 -0.909212 0.616514
0.938138 -0.939475 0.616575
0.968401 -0.969737 0.616636
0.998663 -1.000000 0.616697
0.998663 -1.000000 0.616697
0.998663 -1.000000 0.616697
0.998663 -1.000000 0.616697
0.998663 -1.000000 0.616697
0.998663 -1.000000 0.616697
0.998663 -1.000000 0.616697
0.998663 -1.000000 0.616697
0.998663 -1.000000 0.616697
0.998663 -1.000000 0.616697
0.998663 -1.000000 0.616697
0.998663 -1.000000 0.616697
0.998663 -1.000000 0.616697
0.998663 -1.000000 0.616697
0.998663 -1.000000 0.616697
0.998663 -1.000000 0.616697
0.998663 -1.000000 0.616697
0.998663 -1.000000 0.616697
0.998663 -1.000000 0.616697
0.998663 -1.000000 0.616697
0.998663 -1.000000 0.616697
0.998663 -1.000000 0.616697
0.998663 -1.000000 0.616697
0.998663 -1.000000 0.616697
0.998663 -1.000000 0.616697
0.998663 -1.000000 0.616697
0.998663 -1.000000 0.616697
0.998663 -1.000000 0.616697
0.998663 -0.999960 0.598070
0.998663 -0.999919 0.579443
0.998663 -0.999879 0.560816
0.998663 -0.999839 0.542190
0.998663 -0.999798 0.523563
0.998663 -0.999758 0.504936
0.998663 -0.999718 0.486309
0.998663 -0.999678 0.467682
0.998663 -0.999637 0.449055
0.998663 -0.999597 0.430428
0.998663 -0.999557 0.411801
0.998663 -0.999516 0.393175
0.998663 -0.999476 0.374548
0.998663 -0.999436 0.355921
0.998663 -0.999395 0.337294
0.998663 -0.999355 0.318667
0.998663 -0.999315 0.300040
0.998663 -0.999275 0.281413
0.998663 -0.999234 0.262786
0.998663 -0.999194 0.244159
0.998663 -0.999154 0.225533
0.998663 -0.999113 0.206906
0.998663 -0.999073 0.188279
0.998663 -0.999033 0.169652
0.998663 -0.998992 0.151025
0.998663 -0.998952 0.132398
0.998663 -0.998912 0.113771
0.998663 -0.998871 0.095144
0.998663 -0.998831 0.076518
0.998663 -0.998791 0.057891
0.998663 -0.998751 0.039264
0.998663 -0.998710 0.020637
0.998663 -0.998670 0.002010
0.998663 -0.998630 -0.016617
0.998663 -0.998589 -0.035244
0.998663 -0.998549 -0.053871
0.998663 -0.998509 -0.072497
0.998663 -0.998468 -0.091124
0.998663 -0.998428 -0.109751
0.998663 -0.998388 -0.128378
0.998663 -0.998348 -0.147005
0.998663 -0.998307 -0.165632
0.998663 -0.998267 -0.184259
0.998663 -0.998227 -0.202886
0.998663 -0.998186 -0.221512
0.998663 -0.998146 -0.240139
0.998663 -0.998106 -0.258766
0.998663 -0.998065 -0.277393
0.998663 -0.998025 -0.296020
0.998663 -0.997985 -0.314647
0.998663 -0.997945 -0.333274
0.998663 -0.997904 -0.351901
0.998663 -0.997864 -0.370528
0.998663 -0.997824 -0.389154
0.998663 -0.997783 -0.407781
0.998663 -0.997743 -0.426408
0.998663 -0.997703 -0.445035
0.998663 -0.997662 -0.463662
0.998663 -0.997622 -0.482289
0.998663 -0.997582 -0.500916
0.998663 -0.997541 -0.519543
0.998663 -0.997501 -0.538169
0.998663 -0.997461 -0.556796
0.998663 -0.997421 -0.575423
0.998663 -0.997380 -0.594050
0.998663 -0.997340 -0.612677
0.998663 -0.997340 -0.612677
0.998663 -0.997340 -0.612677
0.998663 -0.997340 -0.612677
0.998663 -0.997340 -0.612677
0.998663 -0.997340 -0.612677
0.998663 -0.997340 -0.612677
0.998663 -0.997340 -0.612677
0.998663 -0.997340 -0.612677
0.998663 -0.997340 -0.612677
0.998663 -0.997340 -0.612677
0.998663 -0.997340 -0.612677
0.998663 -0.997340 -0.612677
0.998663 -0.997340 -0.612677
0.998663 -0.997340 -0.612677
0.998663 -0.997340 -0.612677
0.998663 -0.997340 -0.612677
0.998663 -0.997340 -0.612677
0.998663 -0.997340 -0.612677
0.998663 -0.997340 -0.612677
0.998663 -0.997340 -0.612677
0.998663 -0.997340 -0.612677
0.998663 -0.997340 -0.612677
0.998663 -0.997340 -0.612677
0.998663 -0.997340 -0.612677
0.998663 -0.997340 -0.612677
0.998663 -0.997340 -0.612677
0.998663 -0.997340 -0.612677
0.998663 -0.997340 -0.612677
0.968401 -0.967077 -0.612738
0.938138 -0.936814 -0.612799
0.907876 -0.906552 -0.612860
0.877613 -0.876289 -0.612921
0.847351 -0.846026 -0.612982
0.817088 -0.815764 -0.613042
0.786826 -0.785501 -0.613103
0.756563 -0.755238 -0.613164
0.726301 -0.724975 -0.613225
0.696038 -0.694713 -0.613286
0.665776 -0.664450 -0.613347
0.635513 -0.634187 -0.613408
0.605250 -0.603925 -0.613469
0.574988 -0.573662 -0.613530
0.544725 -0.543399 -0.613591
0.514463 -0.513136 -0.613652
0.484200 -0.482874 -0.613712
0.453938 -0.452611 -0.613773
0.423675 -0.422348 -0.613834
0.393413 -0.392085 -0.613895
0.363150 -0.361823 -0.613956
0.332888 -0.331560 -0.614017
0.302625 -0.301297 -0.614078
0.272363 -0.271035 -0.614139
0.242100 -0.240772 -0.614200
0.211838 -0.210509 -0.614261
0.181575 -0.180246 -0.614322
0.151313 -0.149984 -0.614382
0.121050 -0.119721 -0.614443
0.090788 -0.089458 -0.614504
0.060525 -0.059195 -0.614565
0.030263 -0.028933 -0.614626
0.000000 0.001330 -0.614687
-0.022529 0.023859 -0.614732
-0.045058 0.046388 -0.614778
-0.067587 0.068917 -0.614823
-0.090116 0.091446 -0.614868
-0.112645 0.113975 -0.614914
-0.135174 0.136504 -0.614959
-0.157702 0.159034 -0.615004
-0.180231 0.181563 -0.615050
-0.202760 0.204092 -0.615095
-0.225289 0.226621 -0.615140
-0.247818 0.249150 -0.615186
-0.270347 0.271679 -0.615231
-0.292876 0.294208 -0.615277
-0.315405 0.316737 -0.615322
-0.337934 0.339266 -0.615367
-0.360463 0.361795 -0.615413
-0.382992 0.384324 -0.615458
-0.405521 0.406853 -0.615503
-0.428050 0.429382 -0.615549
-0.450578 0.451912 -0.615594
-0.473107 0.474441 -0.615639
-0.495636 0.496970 -0.615685
-0.518165 0.519499 -0.615730
-0.540694 0.542028 -0.615775
-0.563223 0.564557 -0.615821
-0.585752 0.587086 -0.615866
-0.608281 0.609615 -0.615911
-0.630810 0.632144 -0.615957
-0.653339 0.654673 -0.616002
-0.675868 0.677202 -0.616047
-0.698397 0.699731 -0.616093
-0.720926 0.722260 -0.616138
-0.743454 0.744789 -0.616183
-0.743454 0.744789 -0.616183
-0.743454 0.744789 -0.616183
-0.743454 0.744789 -0.616183
-0.743454 0.744789 -0.616183
-0.743454 0.744789 -0.616183
-0.743454 0.744789 -0.616183
-0.743454 0.744789 -0.616183
-0.743454 0.744789 -0.616183
-0.743454 0.744789 -0.616183
-0.743454 0.744789 -0.616183
-0.743454 0.744789 -0.616183
-0.743454 0.744789 -0.616183
-0.743454 0.744789 -0.616183
-0.743454 0.744789 -0.616183
-0.743454 0.744789 -0.616183
-0.743454 0.744789 -0.616183
-0.743454 0.744789 -0.616183
-0.743454 0.744789 -0.616183
-0.743454 0.744789 -0.616183
-0.743454 0.744789 -0.616183
-0.743454 0.744789 -0.616183
-0.743454 0.744789 -0.616183
-0.743454 0.744789 -0.616183
-0.743454 0.744789 -0.616183
-0.743454 0.744789 -0.616183
-0.743454 0.744789 -0.616183
-0.743454 0.744789 -0.616183
-0.743454 0.744789 -0.616183
-0.743454 0.744789 -0.616183
-0.743454 0.744789 -0.616183
-0.743454 0.744789 -0.616183
-0.743454 0.744789 -0.616183
-0.743454 0.744789 -0.616183
-0.743454 0.744789 -0.616183
-0.743454 0.744789 -0.616183
-0.743454 0.744789 -0.616183
-0.743454 0.744789 -0.616183
-0.743454 0.744789 -0.616183
-0.743454 0.744789 -0.616183
-0.743454 0.744789 -0.616183
-0.743454 0.744789 -0.616183
-0.743454 0.744789 -0.616183
-0.743454 0.744789 -0.616183
-0.743454 0.744789 -0.616183
-0.743454 0.744789 -0.616183
-0.743454 0.744789 -0.616183
-0.743454 0.744789 -0.616183
-0.743454 0.744789 -0.616183
-0.743454 0.744789 -0.616183
-0.743454 0.744789 -0.616183
-0.743454 0.744789 -0.616183
-0.743454 0.744789 -0.616183
-0.743454 0.744789 -0.616183
-0.743454 0.744789 -0.616183
-0.743454 0.744789 -0.616183
-0.743454 0.744789 -0.616183
-0.743454 0.744789 -0.616183
-0.743454 0.744789 -0.616183
-0.743454 0.744789 -0.616183
-0.743454 0.744789 -0.616183
-0.743454 0.744789 -0.616183
-0.743454 0.744789 -0.616183
-0.743454 0.744789 -0.616183
-0.743454 0.744789 -0.616183
-0.743454 0.744789 -0.616183
-0.743454 0.744789 -0.616183
-0.743454 0.744789 -0.616183
-0.743454 0.744789 -0.616183
-0.743454 0.744789 -0.616183
-0.743454 0.744789 -0.616183
-0.743454 0.744789 -0.616183
-0.743454 0.744789 -0.616183
-0.743454 0.744789 -0.616183
-0.743454 0.744789 -0.616183
-0.743454 0.744789 -0.616183
-0.743454 0.744789 -0.616183
-0.743454 0.744789 -0.616183
-0.743454 0.744789 -0.616183
-0.743454 0.744789 -0.616183
-0.743454 0.744789 -0.616183
-0.743454 0.744789 -0.616183
-0.743454 0.744789 -0.616183
-0.743454 0.744789 -0.616183
-0.743454 0.744789 -0.616183
-0.743454 0.744789 -0.616183
-0.743454 0.744789 -0.616183
-0.743454 0.744789 -0.616183
-0.743454 0.744789 -0.616183
-0.743454 0.744789 -0.616183
-0.743454 0.744789 -0.616183
-0.743454 0.744749 -0.597557
-0.743454 0.744709 -0.578930
-0.743454 0.744669 -0.560303
-0.743454 0.744628 -0.541676
-0.743454 0.744588 -0.523049
-0.743454 0.744548 -0.504422
-0.743454 0.744507 -0.485795
-0.743454 0.744467 -0.467168
-0.743454 0.744427 -0.448541
-0.743454 0.744386 -0.429915
-0.743454 0.744346 -0.411288
-0.743454 0.744306 -0.392661
-0.743454 0.744266 -0.374034
-0.743454 0.744225 -0.355407
-0.743454 0.744185 -0.336780
-0.743454 0.744145 -0.318153
-0.743454 0.744104 -0.299526
-0.743454 0.744064 -0.280900
-0.743454 0.744024 -0.262273
-0.743454 0.743983 -0.243646
-0.743454 0.743943 -0.225019
-0.743454 0.743903 -0.206392
-0.743454 0.743862 -0.187765
-0.743454 0.743822 -0.169138
-0.743454 0.743782 -0.150511
-0.743454 0.743742 -0.131885
-0.743454 0.743701 -0.113258
-0.743454 0.743661 -0.094631
-0.743454 0.743621 -0.076004
-0.743454 0.743580 -0.057377
-0.743454 0.743540 -0.038750
-0.743454 0.743500 -0.020123
-0.720926 0.720930 -0.001451
-0.698397 0.698363 0.016168
-0.675868 0.675796 0.033788
-0.653339 0.653229 0.051407
-0.630810 0.630662 0.069027
-0.608281 0.608095 0.086646
-0.585752 0.585528 0.104265
-0.563223 0.562961 0.121885
-0.540694 0.540394 0.139504
-0.518165 0.517826 0.157124
-0.495636 0.495259 0.174743
-0.473107 0.472692 0.192362
-0.450578 0.450125 0.209982
-0.428050 0.427558 0.227601
-0.405521 0.404991 0.245221
-0.382992 0.382424 0.262840
-0.360463 0.359857 0.280459
-0.337934 0.337290 0.298079
-0.315405 0.314723 0.315698
-0.292876 0.292155 0.333318
-0.270347 0.269588 0.350937
-0.247818 0.247021 0.368556
-0.225289 0.224454 0.386176
-0.202760 0.201887 0.403795
-0.180231 0.179320 0.421415
-0.157702 0.156753 0.439034
-0.135174 0.134186 0.456653
-0.112645 0.111619 0.474273
-0.090116 0.089052 0.491892
-0.067587 0.066484 0.509512
-0.045058 0.043917 0.527131
-0.022529 0.021350 0.544750
-0.000000 -0.001217 0.562370
0.019339 -0.020594 0.579983
0.038678 -0.039933 0.580022
0.058017 -0.059272 0.580061
0.077356 -0.078612 0.580100
0.096695 -0.097951 0.580138
0.116034 -0.117290 0.580177
0.135373 -0.136629 0.580216
0.154713 -0.155968 0.580255
0.174052 -0.175308 0.580294
0.193391 -0.194647 0.580333
0.212730 -0.213986 0.580372
0.232069 -0.233325 0.580411
0.251408 -0.252664 0.580450
0.270747 -0.272004 0.580489
0.290086 -0.291343 0.580528
0.309425 -0.310682 0.580567
0.328764 -0.330021 0.580606
0.348103 -0.349360 0.580644
0.367442 -0.368700 0.580683
0.386781 -0.388039 0.580722
0.406120 -0.407378 0.580761
0.425460 -0.426717 0.580800
0.444799 -0.446056 0.580839
0.464138 -0.465396 0.580878
0.483477 -0.484735 0.580917
0.502816 -0.504074 0.580956
0.522155 -0.523413 0.580995
0.541494 -0.542752 0.581034
0.560833 -0.562092 0.581073
0.580172 -0.581431 0.581112
0.599511 -0.600770 0.581151
0.618850 -0.620109 0.581189
0.638189 -0.639448 0.581228
0.638189 -0.639448 0.581228
0.638189 -0.639448 0.581228
0.638189 -0.639448 0.581228
0.638189 -0.639448 0.581228
0.638189 -0.639448 0.581228
0.638189 -0.639448 0.581228
0.638189 -0.639448 0.581228
0.638189 -0.639448 0.581228
0.638189 -0.639448 0.581228
0.638189 -0.639448 0.581228
0.638189 -0.639448 0.581228
0.638189 -0.639448 0.581228
0.638189 -0.639448 0.581228
0.638189 -0.639448 0.581228
0.638189 -0.639448 0.581228
0.638189 -0.639448 0.581228
0.638189 -0.639448 0.581228
0.638189 -0.639448 0.581228
0.638189 -0.639448 0.581228
0.638189 -0.639448 0.581228
0.638189 -0.639448 0.581228
0.638189 -0.639448 0.581228
0.638189 -0.639448 0.581228
0.638189 -0.639448 0.581228
0.638189 -0.639448 0.581228
0.638189 -0.639448 0.581228
0.638189 -0.639448 0.581228
0.618850 -0.620071 0.563615
0.599511 -0.600694 0.546002
0.580172 -0.581317 0.528389
0.560833 -0.561940 0.510776
0.541494 -0.542562 0.493163
0.522155 -0.523185 0.475550
0.502816 -0.503808 0.457937
0.483477 -0.484431 0.440325
0.464138 -0.465053 0.422712
0.444799 -0.445676 0.405099
0.425460 -0.426299 0.387486
0.406120 -0.406922 0.369873
0.386781 -0.387545 0.352260
0.367442 -0.368167 0.334647
0.348103 -0.348790 0.317034
0.328764 -0.329413 0.299421
0.309425 -0.310036 0.281808
0.290086 -0.290658 0.264195
0.270747 -0.271281 0.246582
0.251408 -0.251904 0.228969
0.232069 -0.232527 0.211356
0.212730 -0.213149 0.193743
0.193391 -0.193772 0.176130
0.174052 -0.174395 0.158517
0.154713 -0.155018 0.140904
0.135373 -0.135641 0.123291
0.116034 -0.116263 0.105678
0.096695 -0.096886 0.088065
0.077356 -0.077509 0.070452
0.058017 -0.058132 0.052839
0.038678 -0.038754 0.035226
0.019339 -0.019377 0.017613
0.000000 0.000000 0.000000
