    1702
0.000000 0.000000 0.000000
0.013605 0.013640 0.014459
0.027211 0.027281 0.028917
0.040816 0.040921 0.043376
0.054421 0.054561 0.057834
0.068027 0.068201 0.072293
0.081632 0.081842 0.086751
0.095238 0.095482 0.101210
0.108843 0.109122 0.115668
0.122448 0.122763 0.130127
0.136054 0.136403 0.144586
0.149659 0.150043 0.159044
0.163264 0.163683 0.173503
0.176870 0.177324 0.187961
0.190475 0.190964 0.202420
0.204081 0.204604 0.216878
0.217686 0.218244 0.231337
0.231291 0.231885 0.245795
0.244897 0.245525 0.260254
0.258502 0.259165 0.274712
0.272107 0.272806 0.289171
0.285713 0.286446 0.303630
0.299318 0.300086 0.318088
0.312924 0.313726 0.332547
0.326529 0.327367 0.347005
0.340134 0.341007 0.361464
0.353740 0.354647 0.375922
0.367345 0.368288 0.390381
0.380950 0.381928 0.404839
0.394556 0.395568 0.419298
0.408161 0.409208 0.433757
0.421767 0.422849 0.448215
0.435372 0.436489 0.462674
0.448977 0.450129 0.477132
0.448977 0.450129 0.477132
0.448977 0.450129 0.477132
0.448977 0.450129 0.477132
0.448977 0.450129 0.477132
0.448977 0.450129 0.477132
0.448977 0.450129 0.477132
0.448977 0.450129 0.477132
0.448977 0.450129 0.477132
0.448977 0.450129 0.477132
0.448977 0.450129 0.477132
0.435372 0.436524 0.477097
0.421767 0.422918 0.477063
0.408161 0.409313 0.477028
0.394556 0.395707 0.476993
0.380950 0.382102 0.476958
0.367345 0.368496 0.476923
0.353740 0.354891 0.476889
0.340134 0.341285 0.476854
0.326529 0.327680 0.476819
0.312924 0.314074 0.476784
0.299318 0.300469 0.476750
0.285713 0.286863 0.476715
0.272107 0.273258 0.476680
0.258502 0.259652 0.476645
0.244897 0.246047 0.476610
0.231291 0.232441 0.476576
0.217686 0.218836 0.476541
0.204081 0.205230 0.476506
0.190475 0.191590 0.462047
0.176870 0.177950 0.447589
0.163264 0.164309 0.433130
0.149659 0.150669 0.418672
0.136054 0.137029 0.404213
0.122448 0.123389 0.389755
0.108843 0.109748 0.375296
0.095238 0.096108 0.360838
0.081632 0.082468 0.346379
0.068027 0.068828 0.331921
0.054421 0.055187 0.317462
0.040816 0.041547 0.303003
0.027211 0.027907 0.288545
0.013605 0.014266 0.274086
-0.000000 0.000626 0.259628
-0.017768 -0.017177 0.245159
-0.035536 -0.034980 0.230689
-0.053304 -0.052783 0.216220
-0.071073 -0.070586 0.201751
-0.088841 -0.088389 0.187282
-0.106609 -0.106192 0.172813
-0.124377 -0.123995 0.158343
-0.142145 -0.141798 0.143874
-0.159913 -0.159602 0.129405
-0.177681 -0.177405 0.114936
-0.195449 -0.195208 0.100467
-0.213218 -0.213011 0.085997
-0.230986 -0.230814 0.071528
-0.248754 -0.248617 0.057059
-0.266522 -0.266420 0.042590
-0.284290 -0.284223 0.028121
-0.302058 -0.302026 0.013651
-0.319826 -0.319829 -0.000818
-0.337594 -0.337639 -0.018010
-0.355363 -0.355449 -0.035203
-0.373131 -0.373258 -0.052395
-0.390899 -0.391068 -0.069588
-0.408667 -0.408877 -0.086780
-0.426435 -0.426687 -0.103973
-0.444203 -0.444497 -0.121165
-0.461971 -0.462306 -0.138358
-0.479740 -0.480116 -0.155551
-0.497508 -0.497926 -0.172743
-0.515276 -0.515735 -0.189936
-0.533044 -0.533545 -0.207128
-0.550812 -0.551355 -0.224321
-0.568580 -0.569164 -0.241513
-0.586348 -0.586974 -0.258706
-0.586348 -0.587015 -0.275853
-0.586348 -0.587057 -0.293000
-0.586348 -0.587098 -0.310147
-0.586348 -0.587139 -0.327294
-0.586348 -0.587181 -0.344441
-0.586348 -0.587222 -0.361588
-0.586348 -0.587263 -0.378735
-0.586348 -0.587305 -0.395883
-0.586348 -0.587346 -0.413030
-0.586348 -0.587387 -0.430177
-0.586348 -0.587429 -0.447324
-0.586348 -0.587470 -0.464471
-0.586348 -0.587512 -0.481618
-0.586348 -0.587553 -0.498765
-0.586348 -0.587594 -0.515912
-0.586348 -0.587636 -0.533059
-0.586348 -0.587677 -0.550207
-0.586348 -0.587718 -0.567354
-0.586348 -0.587718 -0.567354
-0.586348 -0.587718 -0.567354
-0.586348 -0.587718 -0.567354
-0.586348 -0.587718 -0.567354
-0.586348 -0.587718 -0.567354
-0.586348 -0.587718 -0.567354
-0.586348 -0.587718 -0.567354
-0.586348 -0.587718 -0.567354
-0.586348 -0.587718 -0.567354
-0.586348 -0.587718 -0.567354
-0.586348 -0.587718 -0.567354
-0.586348 -0.587718 -0.567354
-0.586348 -0.587718 -0.567354
-0.586348 -0.587718 -0.567354
-0.586348 -0.587718 -0.567354
-0.586348 -0.587718 -0.567354
-0.586348 -0.587718 -0.567354
-0.586348 -0.587718 -0.567354
-0.586348 -0.587718 -0.567354
-0.586348 -0.587718 -0.567354
-0.586348 -0.587718 -0.567354
-0.586348 -0.587718 -0.567354
-0.586348 -0.587718 -0.567354
-0.586348 -0.587718 -0.567354
-0.586348 -0.587718 -0.567354
-0.586348 -0.587718 -0.567354
-0.586348 -0.587718 -0.567354
-0.586348 -0.587718 -0.567354
-0.586348 -0.587718 -0.567354
-0.586348 -0.587718 -0.567354
-0.586348 -0.587718 -0.567354
-0.586348 -0.587718 -0.567354
-0.586348 -0.587718 -0.567354
-0.586348 -0.587718 -0.567354
-0.586348 -0.587718 -0.567354
-0.586348 -0.587718 -0.567354
-0.586348 -0.587718 -0.567354
-0.586348 -0.587718 -0.567354
-0.586348 -0.587718 -0.567354
-0.586348 -0.587718 -0.567354
-0.586348 -0.587718 -0.567354
-0.586348 -0.587718 -0.567354
-0.586348 -0.587718 -0.567354
-0.586348 -0.587718 -0.567354
-0.586348 -0.587718 -0.567354
-0.586348 -0.587718 -0.567354
-0.586348 -0.587718 -0.567354
-0.586348 -0.587718 -0.567354
-0.586348 -0.587718 -0.567354
-0.586348 -0.587718 -0.567354
-0.586348 -0.587718 -0.567354
-0.586348 -0.587718 -0.567354
-0.586348 -0.587718 -0.567354
-0.586348 -0.587718 -0.567354
-0.586348 -0.587718 -0.567354
-0.586348 -0.587718 -0.567354
-0.586348 -0.587718 -0.567354
-0.586348 -0.587718 -0.567354
-0.586348 -0.587718 -0.567354
-0.586348 -0.587718 -0.567354
-0.586348 -0.587718 -0.567354
-0.586348 -0.587718 -0.567354
-0.586348 -0.587718 -0.567354
-0.586348 -0.587718 -0.567354
-0.586348 -0.587718 -0.567354
-0.568580 -0.569950 -0.567308
-0.550812 -0.552182 -0.567263
-0.533044 -0.534413 -0.567217
-0.515276 -0.516645 -0.567172
-0.497508 -0.498877 -0.567127
-0.479740 -0.481109 -0.567081
-0.461971 -0.463340 -0.567036
-0.444203 -0.445572 -0.566990
-0.426435 -0.427804 -0.566945
-0.408667 -0.410035 -0.566899
-0.390899 -0.392267 -0.566854
-0.373131 -0.374499 -0.566809
-0.355363 -0.356730 -0.566763
-0.337594 -0.338962 -0.566718
-0.319826 -0.321194 -0.566672
-0.302058 -0.303426 -0.566627
-0.284290 -0.285657 -0.566581
-0.266522 -0.267889 -0.566536
-0.248754 -0.250121 -0.566491
-0.230986 -0.232352 -0.566445
-0.213218 -0.214584 -0.566400
-0.195449 -0.196816 -0.566354
-0.177681 -0.179048 -0.566309
-0.159913 -0.161279 -0.566263
-0.142145 -0.143511 -0.566218
-0.124377 -0.125743 -0.566173
-0.106609 -0.107974 -0.566127
-0.088841 -0.090206 -0.566082
-0.071073 -0.072438 -0.566036
-0.053304 -0.054670 -0.565991
-0.035536 -0.036901 -0.565945
-0.017768 -0.019133 -0.565900
0.000000 -0.001365 -0.565855
0.030247 0.028883 -0.565777
0.060494 0.059130 -0.565700
0.090741 0.089377 -0.565623
0.120988 0.119625 -0.565545
0.151235 0.149872 -0.565468
0.181482 0.180119 -0.565391
0.211729 0.210367 -0.565313
0.241976 0.240614 -0.565236
0.272223 0.270861 -0.565159
0.302470 0.301108 -0.565081
0.332717 0.331356 -0.565004
0.362964 0.361603 -0.564927
0.393211 0.391850 -0.564849
0.423459 0.422098 -0.564772
0.453706 0.452345 -0.564695
0.483953 0.482592 -0.564617
0.514200 0.512840 -0.564540
0.544447 0.543087 -0.564463
0.574694 0.573334 -0.564385
0.604941 0.603582 -0.564308
0.635188 0.633829 -0.564231
0.665435 0.664076 -0.564153
0.695682 0.694324 -0.564076
0.725929 0.724571 -0.563999
0.756176 0.754860 -0.546774
0.786423 0.785148 -0.529550
0.816670 0.815437 -0.512325
0.846917 0.845725 -0.495101
0.877164 0.876014 -0.477876
0.907411 0.906303 -0.460652
0.937658 0.936591 -0.443428
0.967905 0.966880 -0.426203
0.998152 0.997169 -0.408979
0.998152 0.997210 -0.391832
0.998152 0.997252 -0.374684
0.998152 0.997293 -0.357537
0.998152 0.997334 -0.340390
0.998152 0.997376 -0.323243
0.998152 0.997417 -0.306096
0.998152 0.997458 -0.288949
0.998152 0.997500 -0.271802
0.998152 0.997541 -0.254655
0.998152 0.997582 -0.237508
0.998152 0.997624 -0.220360
0.998152 0.997665 -0.203213
0.998152 0.997706 -0.186066
0.998152 0.997748 -0.168919
0.998152 0.997789 -0.151772
0.998152 0.997830 -0.134625
0.998152 0.997872 -0.117478
0.998152 0.997913 -0.100331
0.998152 0.997955 -0.083184
0.998152 0.997996 -0.066036
0.998152 0.998037 -0.048889
0.998152 0.998079 -0.031742
0.998152 0.998120 -0.014595
0.998152 0.998161 0.002552
0.998152 0.998217 0.025656
0.998152 0.998273 0.048761
0.998152 0.998328 0.071865
0.998152 0.998384 0.094970
0.998152 0.998440 0.118074
0.998152 0.998496 0.141178
0.998152 0.998551 0.164283
0.998152 0.998607 0.187387
0.998152 0.998663 0.210492
0.998152 0.998718 0.233596
0.998152 0.998774 0.256700
0.998152 0.998830 0.279805
0.998152 0.998886 0.302909
0.998152 0.998941 0.326014
0.998152 0.998997 0.349118
0.998152 0.999053 0.372223
0.998152 0.999108 0.395327
0.998152 0.999164 0.418431
0.998152 0.999220 0.441536
0.998152 0.999276 0.464640
0.998152 0.999331 0.487745
0.998152 0.999387 0.510849
0.998152 0.999443 0.533953
0.998152 0.999499 0.557058
0.998152 0.999554 0.580162
0.998152 0.999610 0.603267
0.998152 0.999666 0.626371
0.998152 0.999721 0.649475
0.998152 0.999777 0.672580
0.998152 0.999833 0.695684
0.998152 0.999889 0.718789
0.998152 0.999944 0.741893
0.998152 1.000000 0.764997
0.998152 1.000000 0.764997
0.998152 1.000000 0.764997
0.998152 1.000000 0.764997
0.998152 1.000000 0.764997
0.998152 1.000000 0.764997
0.998152 1.000000 0.764997
0.998152 1.000000 0.764997
0.998152 1.000000 0.764997
0.998152 1.000000 0.764997
0.998152 1.000000 0.764997
0.998152 1.000000 0.764997
0.998152 1.000000 0.764997
0.998152 1.000000 0.764997
0.998152 1.000000 0.764997
0.998152 1.000000 0.764997
0.998152 1.000000 0.764997
0.998152 1.000000 0.764997
0.998152 1.000000 0.764997
0.998152 1.000000 0.764997
0.998152 1.000000 0.764997
0.998152 1.000000 0.764997
0.998152 1.000000 0.764997
0.998152 1.000000 0.764997
0.998152 1.000000 0.764997
0.998152 1.000000 0.764997
0.998152 1.000000 0.764997
0.998152 1.000000 0.764997
0.967905 0.969753 0.764920
0.937658 0.939505 0.764843
0.907411 0.909258 0.764765
0.877164 0.879011 0.764688
0.846917 0.848763 0.764611
0.816670 0.818516 0.764533
0.786423 0.788269 0.764456
0.756176 0.758022 0.764379
0.725929 0.727774 0.764301
0.695682 0.697527 0.764224
0.665435 0.667280 0.764147
0.635188 0.637032 0.764069
0.604941 0.606785 0.763992
0.574694 0.576538 0.763915
0.544447 0.546290 0.763837
0.514200 0.516043 0.763760
0.483953 0.485796 0.763683
0.453706 0.455548 0.763605
0.423459 0.425301 0.763528
0.393211 0.395054 0.763451
0.362964 0.364806 0.763373
0.332717 0.334559 0.763296
0.302470 0.304312 0.763219
0.272223 0.274065 0.763141
0.241976 0.243817 0.763064
0.211729 0.213570 0.762987
0.181482 0.183323 0.762909
0.151235 0.153075 0.762832
0.120988 0.122828 0.762755
0.090741 0.092581 0.762677
0.060494 0.062333 0.762600
0.030247 0.032086 0.762523
-0.000000 0.001839 0.762446
-0.030189 -0.028351 0.762368
-0.060378 -0.058540 0.762291
-0.090567 -0.088729 0.762214
-0.120756 -0.118918 0.762137
-0.150945 -0.149108 0.762060
-0.181134 -0.179297 0.761982
-0.211323 -0.209486 0.761905
-0.241512 -0.239675 0.761828
-0.271701 -0.269864 0.761751
-0.301890 -0.300054 0.761674
-0.332079 -0.330243 0.761596
-0.362268 -0.360432 0.761519
-0.392457 -0.390621 0.761442
-0.422646 -0.420811 0.761365
-0.452835 -0.451000 0.761288
-0.483024 -0.481189 0.761211
-0.513213 -0.511378 0.761133
-0.543402 -0.541568 0.761056
-0.573590 -0.571757 0.760979
-0.603779 -0.601946 0.760902
-0.633968 -0.632135 0.760825
-0.664157 -0.662325 0.760747
-0.694346 -0.692514 0.760670
-0.724535 -0.722703 0.760593
-0.754724 -0.752892 0.760516
-0.784913 -0.783082 0.760439
-0.815102 -0.813271 0.760362
-0.845291 -0.843460 0.760284
-0.875480 -0.873649 0.760207
-0.905669 -0.903839 0.760130
-0.935858 -0.934028 0.760053
-0.966047 -0.964217 0.759976
-0.996236 -0.994406 0.759898
-0.996236 -0.994406 0.759898
-0.996236 -0.994406 0.759898
-0.996236 -0.994406 0.759898
-0.996236 -0.994406 0.759898
-0.996236 -0.994406 0.759898
-0.996236 -0.994406 0.759898
-0.996236 -0.994406 0.759898
-0.996236 -0.994406 0.759898
-0.996236 -0.994406 0.759898
-0.996236 -0.994406 0.759898
-0.996236 -0.994406 0.759898
-0.996236 -0.994406 0.759898
-0.996236 -0.994406 0.759898
-0.996236 -0.994406 0.759898
-0.996236 -0.994406 0.759898
-0.996236 -0.994406 0.759898
-0.996236 -0.994406 0.759898
-0.996236 -0.994406 0.759898
-0.996236 -0.994406 0.759898
-0.996236 -0.994406 0.759898
-0.996236 -0.994406 0.759898
-0.996236 -0.994406 0.759898
-0.996236 -0.994406 0.759898
-0.996236 -0.994406 0.759898
-0.996236 -0.994406 0.759898
-0.996236 -0.994406 0.759898
-0.996236 -0.994406 0.759898
-0.996236 -0.994406 0.759898
-0.996236 -0.994462 0.736794
-0.996236 -0.994518 0.713690
-0.996236 -0.994574 0.690585
-0.996236 -0.994629 0.667481
-0.996236 -0.994685 0.644376
-0.996236 -0.994741 0.621272
-0.996236 -0.994796 0.598168
-0.996236 -0.994852 0.575063
-0.996236 -0.994908 0.551959
-0.996236 -0.994964 0.528854
-0.996236 -0.995019 0.505750
-0.996236 -0.995075 0.482646
-0.996236 -0.995131 0.459541
-0.996236 -0.995186 0.436437
-0.996236 -0.995242 0.413332
-0.996236 -0.995298 0.390228
-0.996236 -0.995354 0.367123
-0.996236 -0.995409 0.344019
-0.996236 -0.995465 0.320915
-0.996236 -0.995521 0.297810
-0.996236 -0.995577 0.274706
-0.996236 -0.995632 0.251601
-0.996236 -0.995688 0.228497
-0.996236 -0.995744 0.205393
-0.996236 -0.995799 0.182288
-0.996236 -0.995855 0.159184
-0.996236 -0.995911 0.136079
-0.996236 -0.995967 0.112975
-0.996236 -0.996022 0.089871
-0.996236 -0.996078 0.066766
-0.996236 -0.996134 0.043662
-0.996236 -0.996189 0.020557
-0.996236 -0.996245 -0.002547
-0.996236 -0.996287 -0.019747
-0.996236 -0.996328 -0.036947
-0.996236 -0.996370 -0.054147
-0.996236 -0.996411 -0.071347
-0.996236 -0.996453 -0.088547
-0.996236 -0.996494 -0.105747
-0.996236 -0.996536 -0.122948
-0.996236 -0.996577 -0.140148
-0.996236 -0.996618 -0.157348
-0.996236 -0.996660 -0.174548
-0.996236 -0.996701 -0.191748
-0.996236 -0.996743 -0.208948
-0.996236 -0.996784 -0.226148
-0.996236 -0.996826 -0.243348
-0.996236 -0.996867 -0.260548
-0.996236 -0.996909 -0.277748
-0.996236 -0.996950 -0.294948
-0.996236 -0.996992 -0.312148
-0.996236 -0.997033 -0.329348
-0.996236 -0.997075 -0.346548
-0.996236 -0.997116 -0.363748
-0.996236 -0.997158 -0.380949
-0.996236 -0.997199 -0.398149
-0.966047 -0.967051 -0.415271
-0.935858 -0.936904 -0.432394
-0.905669 -0.906756 -0.449517
-0.875480 -0.876608 -0.466640
-0.845291 -0.846460 -0.483763
-0.815102 -0.816313 -0.500886
-0.784913 -0.786165 -0.518009
-0.754724 -0.756017 -0.535132
-0.724535 -0.725869 -0.552255
-0.694346 -0.695722 -0.569377
-0.664157 -0.665532 -0.569300
-0.633968 -0.635343 -0.569223
-0.603779 -0.605154 -0.569146
-0.573590 -0.574965 -0.569069
-0.543402 -0.544775 -0.568992
-0.513213 -0.514586 -0.568914
-0.483024 -0.484397 -0.568837
-0.452835 -0.454208 -0.568760
-0.422646 -0.424018 -0.568683
-0.392457 -0.393829 -0.568606
-0.362268 -0.363640 -0.568528
-0.332079 -0.333451 -0.568451
-0.301890 -0.303261 -0.568374
-0.271701 -0.273072 -0.568297
-0.241512 -0.242883 -0.568220
-0.211323 -0.212694 -0.568143
-0.181134 -0.182504 -0.568065
-0.150945 -0.152315 -0.567988
-0.120756 -0.122126 -0.567911
-0.090567 -0.091937 -0.567834
-0.060378 -0.061747 -0.567757
-0.030189 -0.031558 -0.567679
0.000000 -0.001369 -0.567602
0.017559 0.016190 -0.567557
0.035118 0.033749 -0.567512
0.052676 0.051308 -0.567468
0.070235 0.068867 -0.567423
0.087794 0.086426 -0.567378
0.105353 0.103985 -0.567333
0.122912 0.121544 -0.567288
0.140470 0.139103 -0.567243
0.158029 0.156662 -0.567198
0.175588 0.174221 -0.567153
0.193147 0.191780 -0.567108
0.210706 0.209339 -0.567064
0.228264 0.226898 -0.567019
0.245823 0.244457 -0.566974
0.263382 0.262016 -0.566929
0.280941 0.279575 -0.566884
0.298500 0.297134 -0.566839
0.316058 0.314693 -0.566794
0.333617 0.332251 -0.566749
0.351176 0.349810 -0.566704
0.368735 0.367369 -0.566659
0.386294 0.384928 -0.566615
0.403853 0.402487 -0.566570
0.421411 0.420046 -0.566525
0.438970 0.437605 -0.566480
0.456529 0.455164 -0.566435
0.474088 0.472723 -0.566390
0.491647 0.490282 -0.566345
0.509205 0.507841 -0.566300
0.526764 0.525400 -0.566255
0.544323 0.542959 -0.566211
0.561882 0.560518 -0.566166
0.579441 0.578077 -0.566121
0.579441 0.578077 -0.566121
0.579441 0.578077 -0.566121
0.579441 0.578077 -0.566121
0.579441 0.578077 -0.566121
0.579441 0.578077 -0.566121
0.579441 0.578077 -0.566121
0.579441 0.578077 -0.566121
0.579441 0.578077 -0.566121
0.579441 0.578077 -0.566121
0.579441 0.578077 -0.566121
0.579441 0.578077 -0.566121
0.579441 0.578077 -0.566121
0.579441 0.578077 -0.566121
0.579441 0.578077 -0.566121
0.579441 0.578077 -0.566121
0.579441 0.578077 -0.566121
0.579441 0.578077 -0.566121
0.579441 0.578077 -0.566121
0.579441 0.578077 -0.566121
0.579441 0.578077 -0.566121
0.579441 0.578077 -0.566121
0.579441 0.578077 -0.566121
0.579441 0.578077 -0.566121
0.579441 0.578077 -0.566121
0.579441 0.578077 -0.566121
0.579441 0.578077 -0.566121
0.579441 0.578077 -0.566121
0.579441 0.578077 -0.566121
0.579441 0.578077 -0.566121
0.579441 0.578077 -0.566121
0.579441 0.578077 -0.566121
0.579441 0.578077 -0.566121
0.579441 0.578077 -0.566121
0.579441 0.578077 -0.566121
0.579441 0.578077 -0.566121
0.579441 0.578077 -0.566121
0.579441 0.578077 -0.566121
0.579441 0.578077 -0.566121
0.579441 0.578077 -0.566121
0.579441 0.578077 -0.566121
0.579441 0.578077 -0.566121
0.579441 0.578077 -0.566121
0.579441 0.578077 -0.566121
0.579441 0.578077 -0.566121
0.579441 0.578077 -0.566121
0.579441 0.578077 -0.566121
0.579441 0.578077 -0.566121
0.579441 0.578077 -0.566121
0.579441 0.578077 -0.566121
0.579441 0.578077 -0.566121
0.579441 0.578077 -0.566121
0.579441 0.578077 -0.566121
0.579441 0.578077 -0.566121
0.579441 0.578077 -0.566121
0.579441 0.578077 -0.566121
0.579441 0.578077 -0.566121
0.579441 0.578077 -0.566121
0.579441 0.578077 -0.566121
0.579441 0.578077 -0.566121
0.579441 0.578077 -0.566121
0.579441 0.578077 -0.566121
0.579441 0.578077 -0.566121
0.579441 0.578077 -0.566121
0.579441 0.578077 -0.566121
0.579441 0.578077 -0.566121
0.579441 0.578077 -0.566121
0.579441 0.578118 -0.548921
0.579441 0.578160 -0.531721
0.579441 0.578201 -0.514521
0.579441 0.578243 -0.497321
0.579441 0.578284 -0.480120
0.579441 0.578326 -0.462920
0.579441 0.578367 -0.445720
0.579441 0.578409 -0.428520
0.579441 0.578450 -0.411320
0.579441 0.578492 -0.394120
0.579441 0.578533 -0.376920
0.579441 0.578575 -0.359720
0.579441 0.578616 -0.342520
0.579441 0.578658 -0.325320
0.579441 0.578699 -0.308120
0.579441 0.578741 -0.290920
0.579441 0.578782 -0.273720
0.579441 0.578824 -0.256520
0.561882 0.561306 -0.239364
0.544323 0.543789 -0.222209
0.526764 0.526271 -0.205054
0.509205 0.508754 -0.187899
0.491647 0.491236 -0.170744
0.474088 0.473719 -0.153589
0.456529 0.456201 -0.136433
0.438970 0.438684 -0.119278
0.421411 0.421166 -0.102123
0.403853 0.403649 -0.084968
0.386294 0.386131 -0.067813
0.368735 0.368614 -0.050657
0.351176 0.351096 -0.033502
0.333617 0.333579 -0.016347
0.316058 0.316061 0.000808
0.298500 0.298538 0.015528
0.280941 0.281015 0.030248
0.263382 0.263491 0.044968
0.245823 0.245968 0.059687
0.228264 0.228445 0.074407
0.210706 0.210921 0.089127
0.193147 0.193398 0.103847
0.175588 0.175874 0.118567
0.158029 0.158351 0.133287
0.140470 0.140828 0.148006
0.122912 0.123304 0.162726
0.105353 0.105781 0.177446
0.087794 0.088258 0.192166
0.070235 0.070734 0.206886
0.052676 0.053211 0.221606
0.035118 0.035688 0.236325
0.017559 0.018164 0.251045
-0.000000 0.000641 0.265765
-0.013931 -0.013255 0.280494
-0.027862 -0.027150 0.295223
-0.041793 -0.041046 0.309952
-0.055724 -0.054941 0.324681
-0.069655 -0.068837 0.339411
-0.083586 -0.082732 0.354140
-0.097517 -0.096628 0.368869
-0.111448 -0.110523 0.383598
-0.125379 -0.124419 0.398327
-0.139310 -0.138314 0.413056
-0.153241 -0.152210 0.427785
-0.167172 -0.166105 0.442514
-0.181103 -0.180001 0.457243
-0.195034 -0.193896 0.471973
-0.208965 -0.207792 0.486702
-0.222896 -0.221723 0.486666
-0.236827 -0.235654 0.486630
-0.250758 -0.249585 0.486595
-0.264689 -0.263516 0.486559
-0.278620 -0.277447 0.486524
-0.292551 -0.291378 0.486488
-0.306482 -0.305309 0.486452
-0.320413 -0.319241 0.486417
-0.334344 -0.333172 0.486381
-0.348275 -0.347103 0.486345
-0.362206 -0.361034 0.486310
-0.376137 -0.374965 0.486274
-0.390068 -0.388896 0.486239
-0.403999 -0.402827 0.486203
-0.417930 -0.416758 0.486167
-0.431861 -0.430690 0.486132
-0.445792 -0.444621 0.486096
-0.459723 -0.458552 0.486061
-0.459723 -0.458552 0.486061
-0.459723 -0.458552 0.486061
-0.459723 -0.458552 0.486061
-0.459723 -0.458552 0.486061
-0.459723 -0.458552 0.486061
-0.459723 -0.458552 0.486061
-0.459723 -0.458552 0.486061
-0.459723 -0.458552 0.486061
-0.459723 -0.458552 0.486061
-0.445792 -0.444656 0.471331
-0.431861 -0.430761 0.456602
-0.417930 -0.416865 0.441873
-0.403999 -0.402970 0.427144
-0.390068 -0.389074 0.412415
-0.376137 -0.375179 0.397686
-0.362206 -0.361283 0.382957
-0.348275 -0.347388 0.368228
-0.334344 -0.333492 0.353499
-0.320413 -0.319597 0.338769
-0.306482 -0.305701 0.324040
-0.292551 -0.291806 0.309311
-0.278620 -0.277910 0.294582
-0.264689 -0.264015 0.279853
-0.250758 -0.250119 0.265124
-0.236827 -0.236224 0.250395
-0.222896 -0.222328 0.235666
-0.208965 -0.208433 0.220937
-0.195034 -0.194537 0.206207
-0.181103 -0.180642 0.191478
-0.167172 -0.166746 0.176749
-0.153241 -0.152851 0.162020
-0.139310 -0.138955 0.147291
-0.125379 -0.125060 0.132562
-0.111448 -0.111164 0.117833
-0.097517 -0.097269 0.103104
-0.083586 -0.083373 0.088375
-0.069655 -0.069478 0.073646
-0.055724 -0.055582 0.058916
-0.041793 -0.041687 0.044187
-0.027862 -0.027791 0.029458
-0.013931 -0.013896 0.014729
0.000000 0.000000 0.000000
0.000000 0.000000 0.000000
0.000000 0.000000 0.000000
0.000000 0.000000 0.000000
0.000000 0.000000 0.000000
0.000000 0.000000 0.000000
0.000000 0.000000 0.000000
0.000000 0.000000 0.000000
0.000000 0.000000 0.000000
0.000000 0.000000 0.000000
0.000000 0.000000 0.000000
0.000000 0.000000 0.000000
0.000000 0.000000 0.000000
0.000000 0.000000 0.000000
0.000000 0.000000 0.000000
0.000000 0.000000 0.000000
0.000000 0.000000 0.000000
0.000000 0.000000 0.000000
0.000000 0.000000 0.000000
0.000000 0.000000 0.000000
0.000000 0.000000 0.000000
0.000000 0.000000 0.000000
0.000000 0.000000 0.000000
0.000000 0.000000 0.000000
0.000000 0.000000 0.000000
0.000000 0.000000 0.000000
0.000000 0.000000 0.000000
0.000000 0.000000 0.000000
0.000000 0.000000 0.000000
0.000000 0.000000 0.000000
0.000000 0.000000 0.000000
0.000000 0.000000 0.000000
0.000000 0.000000 0.000000
0.000000 0.000000 0.000000
0.000000 0.000000 0.000000
0.000000 0.000000 0.000000
0.000000 0.000000 0.000000
0.000000 0.000000 0.000000
0.000000 0.000000 0.000000
0.000000 0.000000 0.000000
0.000000 0.000000 0.000000
0.000000 0.000000 0.000000
0.000000 0.000000 0.000000
0.000000 0.000000 0.000000
0.000000 0.000000 0.000000
0.000000 0.000000 0.000000
0.000000 0.000000 0.000000
0.000000 0.000000 0.000000
0.000000 0.000000 0.000000
0.000000 0.000000 0.000000
0.000000 0.000000 0.000000
0.000000 0.000000 0.000000
0.000000 0.000000 0.000000
0.000000 0.000000 0.000000
0.000000 0.000000 0.000000
0.000000 0.000000 0.000000
0.000000 0.000000 0.000000
0.000000 0.000000 0.000000
0.000000 0.000000 0.000000
0.000000 0.000000 0.000000
0.000000 0.000000 0.000000
0.000000 0.000000 0.000000
0.000000 0.000000 0.000000
0.000000 0.000000 0.000000
0.000000 0.000000 0.000000
0.000000 0.000000 0.000000
0.000000 0.000000 0.000000
0.000000 0.000000 0.000000
0.000000 0.000000 0.000000
0.000000 0.000000 0.000000
0.000000 0.000000 0.000000
0.000000 0.000000 0.000000
0.000000 0.000000 0.000000
0.000000 0.000000 0.000000
0.000000 0.000000 0.000000
0.000000 0.000000 0.000000
0.000000 0.000000 0.000000
0.000000 0.000000 0.000000
0.000000 0.000000 0.000000
0.000000 0.000000 0.000000
0.000000 0.000000 0.000000
0.000000 0.000000 0.000000
0.000000 0.000000 0.000000
0.000000 0.000000 0.000000
0.000000 0.000000 0.000000
0.000000 0.000000 0.000000
0.000000 0.000000 0.000000
0.000000 0.000000 0.000000
0.000000 0.000000 0.000000
0.000000 0.000000 0.000000
0.000000 0.000000 0.000000
0.000000 0.000000 0.000000
0.000000 0.000000 0.000000
0.000000 0.000000 0.000000
0.000000 0.000000 0.000000
0.000000 0.000000 0.000000
0.000000 0.000000 0.000000
0.000000 0.000000 0.000000
0.000000 0.000000 0.000000
0.000000 0.000000 0.000000
0.000000 0.000000 0.000000
0.000000 0.000000 0.000000
0.000000 0.000000 0.000000
0.000000 0.000000 0.000000
0.000000 0.000000 0.000000
0.000000 0.000000 0.000000
0.000000 0.000000 0.000000
0.000000 0.000000 0.000000
0.000000 0.000000 0.000000
0.000000 0.000000 0.000000
0.000000 0.000000 0.000000
0.000000 0.000000 0.000000
0.000000 0.000000 0.000000
0.000000 0.000000 0.000000
0.000000 0.000000 0.000000
0.000000 0.000000 0.000000
0.000000 0.000000 0.000000
0.000000 0.000000 0.000000
0.000000 0.000000 0.000000
0.000000 0.000000 0.000000
0.000000 0.000000 0.000000
0.000000 0.000000 0.000000
0.000000 0.000000 0.000000
0.000000 0.000000 0.000000
0.000000 0.000000 0.000000
0.000000 0.000000 0.000000
0.000000 0.000000 0.000000
0.000000 0.000000 0.000000
0.000000 0.000000 0.000000
0.000000 0.000000 0.000000
0.000000 0.000000 0.000000
0.000000 0.000000 0.000000
0.000000 0.000000 0.000000
0.000000 0.000000 0.000000
0.000000 0.000000 0.000000
0.000000 0.000000 0.000000
0.000000 0.000000 0.000000
0.000000 0.000000 0.000000
0.000000 0.000000 0.000000
0.000000 0.000000 0.000000
0.000000 0.000000 0.000000
0.000000 0.000000 0.000000
0.000000 0.000000 0.000000
0.000000 0.000000 0.000000
0.000000 0.000000 0.000000
0.000000 0.000000 0.000000
0.000000 0.000000 0.000000
0.000000 0.000000 0.000000
0.000000 0.000000 0.000000
0.000000 0.000000 0.000000
0.000000 0.000000 0.000000
0.000000 0.000000 0.000000
0.000000 0.000000 0.000000
0.000000 0.000000 0.000000
0.000000 0.000000 0.000000
0.000000 0.000000 0.000000
0.000000 0.000000 0.000000
0.000000 0.000000 0.000000
0.000000 0.000000 0.000000
0.000000 0.000000 0.000000
0.000000 0.000000 0.000000
0.000000 0.000000 0.000000
0.000000 0.000000 0.000000
0.000000 0.000000 0.000000
0.000000 0.000000 0.000000
0.000000 0.000000 0.000000
0.000000 0.000000 0.000000
0.000000 0.000000 0.000000
0.000000 0.000000 0.000000
0.000000 0.000000 0.000000
0.000000 0.000000 0.000000
0.000000 0.000000 0.000000
0.000000 0.000000 0.000000
0.000000 0.000000 0.000000
0.000000 0.000000 0.000000
0.000000 0.000000 0.000000
0.000000 0.000000 0.000000
0.000000 0.000000 0.000000
0.000000 0.000000 0.000000
0.000000 0.000000 0.000000
0.000000 0.000000 0.000000
0.000000 0.000000 0.000000
0.000000 0.000000 0.000000
0.000000 0.000000 0.000000
0.000000 0.000000 0.000000
0.000000 0.000000 0.000000
0.000000 0.000000 0.000000
0.000000 0.000000 0.000000
0.000000 0.000000 0.000000
0.000000 0.000000 0.000000
0.000000 0.000000 0.000000
0.000000 0.000000 0.000000
0.000000 0.000000 0.000000
0.000000 0.000000 0.000000
0.000000 0.000000 0.000000
0.000000 0.000000 0.000000
0.000000 0.000000 0.000000
0.000000 0.000000 0.000000
0.000000 0.000000 0.000000
0.000000 0.000000 0.000000
0.000000 0.000000 0.000000
0.000000 0.000000 0.000000
0.013605 -0.013640 -0.014459
0.027211 -0.027281 -0.028917
0.040816 -0.040921 -0.043376
0.054421 -0.054561 -0.057834
0.068027 -0.068201 -0.072293
0.081632 -0.081842 -0.086751
0.095238 -0.095482 -0.101210
0.108843 -0.109122 -0.115668
0.122448 -0.122763 -0.130127
0.136054 -0.136403 -0.144586
0.149659 -0.150043 -0.159044
0.163264 -0.163683 -0.173503
0.176870 -0.177324 -0.187961
0.190475 -0.190964 -0.202420
0.204081 -0.204604 -0.216878
0.217686 -0.218244 -0.231337
0.231291 -0.231885 -0.245795
0.244897 -0.245525 -0.260254
0.258502 -0.259165 -0.274712
0.272107 -0.272806 -0.289171
0.285713 -0.286446 -0.303630
0.299318 -0.300086 -0.318088
0.312924 -0.313726 -0.332547
0.326529 -0.327367 -0.347005
0.340134 -0.341007 -0.361464
0.353740 -0.354647 -0.375922
0.367345 -0.368288 -0.390381
0.380950 -0.381928 -0.404839
0.394556 -0.395568 -0.419298
0.408161 -0.409208 -0.433757
0.421767 -0.422849 -0.448215
0.435372 -0.436489 -0.462674
0.448977 -0.450129 -0.477132
0.448977 -0.450129 -0.477132
0.448977 -0.450129 -0.477132
0.448977 -0.450129 -0.477132
0.448977 -0.450129 -0.477132
0.448977 -0.450129 -0.477132
0.448977 -0.450129 -0.477132
0.448977 -0.450129 -0.477132
0.448977 -0.450129 -0.477132
0.448977 -0.450129 -0.477132
0.448977 -0.450129 -0.477132
0.435372 -0.436524 -0.477097
0.421767 -0.422918 -0.477063
0.408161 -0.409313 -0.477028
0.394556 -0.395707 -0.476993
0.380950 -0.382102 -0.476958
0.367345 -0.368496 -0.476923
0.353740 -0.354891 -0.476889
0.340134 -0.341285 -0.476854
0.326529 -0.327680 -0.476819
0.312924 -0.314074 -0.476784
0.299318 -0.300469 -0.476750
0.285713 -0.286863 -0.476715
0.272107 -0.273258 -0.476680
0.258502 -0.259652 -0.476645
0.244897 -0.246047 -0.476610
0.231291 -0.232441 -0.476576
0.217686 -0.218836 -0.476541
0.204081 -0.205230 -0.476506
0.190475 -0.191590 -0.462047
0.176870 -0.177950 -0.447589
0.163264 -0.164309 -0.433130
0.149659 -0.150669 -0.418672
0.136054 -0.137029 -0.404213
0.122448 -0.123389 -0.389755
0.108843 -0.109748 -0.375296
0.095238 -0.096108 -0.360838
0.081632 -0.082468 -0.346379
0.068027 -0.068828 -0.331921
0.054421 -0.055187 -0.317462
0.040816 -0.041547 -0.303003
0.027211 -0.027907 -0.288545
0.013605 -0.014266 -0.274086
0.000000 -0.000626 -0.259628
-0.017768 0.017177 -0.245159
-0.035536 0.034980 -0.230689
-0.053304 0.052783 -0.216220
-0.071073 0.070586 -0.201751
-0.088841 0.088389 -0.187282
-0.106609 0.106192 -0.172813
-0.124377 0.123995 -0.158343
-0.142145 0.141798 -0.143874
-0.159913 0.159602 -0.129405
-0.177681 0.177405 -0.114936
-0.195449 0.195208 -0.100467
-0.213218 0.213011 -0.085997
-0.230986 0.230814 -0.071528
-0.248754 0.248617 -0.057059
-0.266522 0.266420 -0.042590
-0.284290 0.284223 -0.028121
-0.302058 0.302026 -0.013651
-0.319826 0.319829 0.000818
-0.337594 0.337639 0.018010
-0.355363 0.355449 0.035203
-0.373131 0.373258 0.052395
-0.390899 0.391068 0.069588
-0.408667 0.408877 0.086780
-0.426435 0.426687 0.103973
-0.444203 0.444497 0.121165
-0.461971 0.462306 0.138358
-0.479740 0.480116 0.155551
-0.497508 0.497926 0.172743
-0.515276 0.515735 0.189936
-0.533044 0.533545 0.207128
-0.550812 0.551355 0.224321
-0.568580 0.569164 0.241513
-0.586348 0.586974 0.258706
-0.586348 0.587015 0.275853
-0.586348 0.587057 0.293000
-0.586348 0.587098 0.310147
-0.586348 0.587139 0.327294
-0.586348 0.587181 0.344441
-0.586348 0.587222 0.361588
-0.586348 0.587263 0.378735
-0.586348 0.587305 0.395883
-0.586348 0.587346 0.413030
-0.586348 0.587387 0.430177
-0.586348 0.587429 0.447324
-0.586348 0.587470 0.464471
-0.586348 0.587512 0.481618
-0.586348 0.587553 0.498765
-0.586348 0.587594 0.515912
-0.586348 0.587636 0.533059
-0.586348 0.587677 0.550207
-0.586348 0.587718 0.567354
-0.586348 0.587718 0.567354
-0.586348 0.587718 0.567354
-0.586348 0.587718 0.567354
-0.586348 0.587718 0.567354
-0.586348 0.587718 0.567354
-0.586348 0.587718 0.567354
-0.586348 0.587718 0.567354
-0.586348 0.587718 0.567354
-0.586348 0.587718 0.567354
-0.586348 0.587718 0.567354
-0.586348 0.587718 0.567354
-0.586348 0.587718 0.567354
-0.586348 0.587718 0.567354
-0.586348 0.587718 0.567354
-0.586348 0.587718 0.567354
-0.586348 0.587718 0.567354
-0.586348 0.587718 0.567354
-0.586348 0.587718 0.567354
-0.586348 0.587718 0.567354
-0.586348 0.587718 0.567354
-0.586348 0.587718 0.567354
-0.586348 0.587718 0.567354
-0.586348 0.587718 0.567354
-0.586348 0.587718 0.567354
-0.586348 0.587718 0.567354
-0.586348 0.587718 0.567354
-0.586348 0.587718 0.567354
-0.586348 0.587718 0.567354
-0.586348 0.587718 0.567354
-0.586348 0.587718 0.567354
-0.586348 0.587718 0.567354
-0.586348 0.587718 0.567354
-0.586348 0.587718 0.567354
-0.586348 0.587718 0.567354
-0.586348 0.587718 0.567354
-0.586348 0.587718 0.567354
-0.586348 0.587718 0.567354
-0.586348 0.587718 0.567354
-0.586348 0.587718 0.567354
-0.586348 0.587718 0.567354
-0.586348 0.587718 0.567354
-0.586348 0.587718 0.567354
-0.586348 0.587718 0.567354
-0.586348 0.587718 0.567354
-0.586348 0.587718 0.567354
-0.586348 0.587718 0.567354
-0.586348 0.587718 0.567354
-0.586348 0.587718 0.567354
-0.586348 0.587718 0.567354
-0.586348 0.587718 0.567354
-0.586348 0.587718 0.567354
-0.586348 0.587718 0.567354
-0.586348 0.587718 0.567354
-0.586348 0.587718 0.567354
-0.586348 0.587718 0.567354
-0.586348 0.587718 0.567354
-0.586348 0.587718 0.567354
-0.586348 0.587718 0.567354
-0.586348 0.587718 0.567354
-0.586348 0.587718 0.567354
-0.586348 0.587718 0.567354
-0.586348 0.587718 0.567354
-0.586348 0.587718 0.567354
-0.586348 0.587718 0.567354
-0.586348 0.587718 0.567354
-0.568580 0.569950 0.567308
-0.550812 0.552182 0.567263
-0.533044 0.534413 0.567217
-0.515276 0.516645 0.567172
-0.497508 0.498877 0.567127
-0.479740 0.481109 0.567081
-0.461971 0.463340 0.567036
-0.444203 0.445572 0.566990
-0.426435 0.427804 0.566945
-0.408667 0.410035 0.566899
-0.390899 0.392267 0.566854
-0.373131 0.374499 0.566809
-0.355363 0.356730 0.566763
-0.337594 0.338962 0.566718
-0.319826 0.321194 0.566672
-0.302058 0.303426 0.566627
-0.284290 0.285657 0.566581
-0.266522 0.267889 0.566536
-0.248754 0.250121 0.566491
-0.230986 0.232352 0.566445
-0.213218 0.214584 0.566400
-0.195449 0.196816 0.566354
-0.177681 0.179048 0.566309
-0.159913 0.161279 0.566263
-0.142145 0.143511 0.566218
-0.124377 0.125743 0.566173
-0.106609 0.107974 0.566127
-0.088841 0.090206 0.566082
-0.071073 0.072438 0.566036
-0.053304 0.054670 0.565991
-0.035536 0.036901 0.565945
-0.017768 0.019133 0.565900
-0.000000 0.001365 0.565855
0.030247 -0.028883 0.565777
0.060494 -0.059130 0.565700
0.090741 -0.089377 0.565623
0.120988 -0.119625 0.565545
0.151235 -0.149872 0.565468
0.181482 -0.180119 0.565391
0.211729 -0.210367 0.565313
0.241976 -0.240614 0.565236
0.272223 -0.270861 0.565159
0.302470 -0.301108 0.565081
0.332717 -0.331356 0.565004
0.362964 -0.361603 0.564927
0.393211 -0.391850 0.564849
0.423459 -0.422098 0.564772
0.453706 -0.452345 0.564695
0.483953 -0.482592 0.564617
0.514200 -0.512840 0.564540
0.544447 -0.543087 0.564463
0.574694 -0.573334 0.564385
0.604941 -0.603582 0.564308
0.635188 -0.633829 0.564231
0.665435 -0.664076 0.564153
0.695682 -0.694324 0.564076
0.725929 -0.724571 0.563999
0.756176 -0.754860 0.546774
0.786423 -0.785148 0.529550
0.816670 -0.815437 0.512325
0.846917 -0.845725 0.495101
0.877164 -0.876014 0.477876
0.907411 -0.906303 0.460652
0.937658 -0.936591 0.443428
0.967905 -0.966880 0.426203
0.998152 -0.997169 0.408979
0.998152 -0.997210 0.391832
0.998152 -0.997252 0.374684
0.998152 -0.997293 0.357537
0.998152 -0.997334 0.340390
0.998152 -0.997376 0.323243
0.998152 -0.997417 0.306096
0.998152 -0.997458 0.288949
0.998152 -0.997500 0.271802
0.998152 -0.997541 0.254655
0.998152 -0.997582 0.237508
0.998152 -0.997624 0.220360
0.998152 -0.997665 0.203213
0.998152 -0.997706 0.186066
0.998152 -0.997748 0.168919
0.998152 -0.997789 0.151772
0.998152 -0.997830 0.134625
0.998152 -0.997872 0.117478
0.998152 -0.997913 0.100331
0.998152 -0.997955 0.083184
0.998152 -0.997996 0.066036
0.998152 -0.998037 0.048889
0.998152 -0.998079 0.031742
0.998152 -0.998120 0.014595
0.998152 -0.998161 -0.002552
0.998152 -0.998217 -0.025656
0.998152 -0.998273 -0.048761
0.998152 -0.998328 -0.071865
0.998152 -0.998384 -0.094970
0.998152 -0.998440 -0.118074
0.998152 -0.998496 -0.141178
0.998152 -0.998551 -0.164283
0.998152 -0.998607 -0.187387
0.998152 -0.998663 -0.210492
0.998152 -0.998718 -0.233596
0.998152 -0.998774 -0.256700
0.998152 -0.998830 -0.279805
0.998152 -0.998886 -0.302909
0.998152 -0.998941 -0.326014
0.998152 -0.998997 -0.349118
0.998152 -0.999053 -0.372223
0.998152 -0.999108 -0.395327
0.998152 -0.999164 -0.418431
0.998152 -0.999220 -0.441536
0.998152 -0.999276 -0.464640
0.998152 -0.999331 -0.487745
0.998152 -0.999387 -0.510849
0.998152 -0.999443 -0.533953
0.998152 -0.999499 -0.557058
0.998152 -0.999554 -0.580162
0.998152 -0.999610 -0.603267
0.998152 -0.999666 -0.626371
0.998152 -0.999721 -0.649475
0.998152 -0.999777 -0.672580
0.998152 -0.999833 -0.695684
0.998152 -0.999889 -0.718789
0.998152 -0.999944 -0.741893
0.998152 -1.000000 -0.764997
0.998152 -1.000000 -0.764997
0.998152 -1.000000 -0.764997
0.998152 -1.000000 -0.764997
0.998152 -1.000000 -0.764997
0.998152 -1.000000 -0.764997
0.998152 -1.000000 -0.764997
0.998152 -1.000000 -0.764997
0.998152 -1.000000 -0.764997
0.998152 -1.000000 -0.764997
0.998152 -1.000000 -0.764997
0.998152 -1.000000 -0.764997
0.998152 -1.000000 -0.764997
0.998152 -1.000000 -0.764997
0.998152 -1.000000 -0.764997
0.998152 -1.000000 -0.764997
0.998152 -1.000000 -0.764997
0.998152 -1.000000 -0.764997
0.998152 -1.000000 -0.764997
0.998152 -1.000000 -0.764997
0.998152 -1.000000 -0.764997
0.998152 -1.000000 -0.764997
0.998152 -1.000000 -0.764997
0.998152 -1.000000 -0.764997
0.998152 -1.000000 -0.764997
0.998152 -1.000000 -0.764997
0.998152 -1.000000 -0.764997
0.998152 -1.000000 -0.764997
0.967905 -0.969753 -0.764920
0.937658 -0.939505 -0.764843
0.907411 -0.909258 -0.764765
0.877164 -0.879011 -0.764688
0.846917 -0.848763 -0.764611
0.816670 -0.818516 -0.764533
0.786423 -0.788269 -0.764456
0.756176 -0.758022 -0.764379
0.725929 -0.727774 -0.764301
0.695682 -0.697527 -0.764224
0.665435 -0.667280 -0.764147
0.635188 -0.637032 -0.764069
0.604941 -0.606785 -0.763992
0.574694 -0.576538 -0.763915
0.544447 -0.546290 -0.763837
0.514200 -0.516043 -0.763760
0.483953 -0.485796 -0.763683
0.453706 -0.455548 -0.763605
0.423459 -0.425301 -0.763528
0.393211 -0.395054 -0.763451
0.362964 -0.364806 -0.763373
0.332717 -0.334559 -0.763296
0.302470 -0.304312 -0.763219
0.272223 -0.274065 -0.763141
0.241976 -0.243817 -0.763064
0.211729 -0.213570 -0.762987
0.181482 -0.183323 -0.762909
0.151235 -0.153075 -0.762832
0.120988 -0.122828 -0.762755
0.090741 -0.092581 -0.762677
0.060494 -0.062333 -0.762600
0.030247 -0.032086 -0.762523
0.000000 -0.001839 -0.762446
-0.030189 0.028351 -0.762368
-0.060378 0.058540 -0.762291
-0.090567 0.088729 -0.762214
-0.120756 0.118918 -0.762137
-0.150945 0.149108 -0.762060
-0.181134 0.179297 -0.761982
-0.211323 0.209486 -0.761905
-0.241512 0.239675 -0.761828
-0.271701 0.269864 -0.761751
-0.301890 0.300054 -0.761674
-0.332079 0.330243 -0.761596
-0.362268 0.360432 -0.761519
-0.392457 0.390621 -0.761442
-0.422646 0.420811 -0.761365
-0.452835 0.451000 -0.761288
-0.483024 0.481189 -0.761211
-0.513213 0.511378 -0.761133
-0.543402 0.541568 -0.761056
-0.573590 0.571757 -0.760979
-0.603779 0.601946 -0.760902
-0.633968 0.632135 -0.760825
-0.664157 0.662325 -0.760747
-0.694346 0.692514 -0.760670
-0.724535 0.722703 -0.760593
-0.754724 0.752892 -0.760516
-0.784913 0.783082 -0.760439
-0.815102 0.813271 -0.760362
-0.845291 0.843460 -0.760284
-0.875480 0.873649 -0.760207
-0.905669 0.903839 -0.760130
-0.935858 0.934028 -0.760053
-0.966047 0.964217 -0.759976
-0.996236 0.994406 -0.759898
-0.996236 0.994406 -0.759898
-0.996236 0.994406 -0.759898
-0.996236 0.994406 -0.759898
-0.996236 0.994406 -0.759898
-0.996236 0.994406 -0.759898
-0.996236 0.994406 -0.759898
-0.996236 0.994406 -0.759898
-0.996236 0.994406 -0.759898
-0.996236 0.994406 -0.759898
-0.996236 0.994406 -0.759898
-0.996236 0.994406 -0.759898
-0.996236 0.994406 -0.759898
-0.996236 0.994406 -0.759898
-0.996236 0.994406 -0.759898
-0.996236 0.994406 -0.759898
-0.996236 0.994406 -0.759898
-0.996236 0.994406 -0.759898
-0.996236 0.994406 -0.759898
-0.996236 0.994406 -0.759898
-0.996236 0.994406 -0.759898
-0.996236 0.994406 -0.759898
-0.996236 0.994406 -0.759898
-0.996236 0.994406 -0.759898
-0.996236 0.994406 -0.759898
-0.996236 0.994406 -0.759898
-0.996236 0.994406 -0.759898
-0.996236 0.994406 -0.759898
-0.996236 0.994406 -0.759898
-0.996236 0.994462 -0.736794
-0.996236 0.994518 -0.713690
-0.996236 0.994574 -0.690585
-0.996236 0.994629 -0.667481
-0.996236 0.994685 -0.644376
-0.996236 0.994741 -0.621272
-0.996236 0.994796 -0.598168
-0.996236 0.994852 -0.575063
-0.996236 0.994908 -0.551959
-0.996236 0.994964 -0.528854
-0.996236 0.995019 -0.505750
-0.996236 0.995075 -0.482646
-0.996236 0.995131 -0.459541
-0.996236 0.995186 -0.436437
-0.996236 0.995242 -0.413332
-0.996236 0.995298 -0.390228
-0.996236 0.995354 -0.367123
-0.996236 0.995409 -0.344019
-0.996236 0.995465 -0.320915
-0.996236 0.995521 -0.297810
-0.996236 0.995577 -0.274706
-0.996236 0.995632 -0.251601
-0.996236 0.995688 -0.228497
-0.996236 0.995744 -0.205393
-0.996236 0.995799 -0.182288
-0.996236 0.995855 -0.159184
-0.996236 0.995911 -0.136079
-0.996236 0.995967 -0.112975
-0.996236 0.996022 -0.089871
-0.996236 0.996078 -0.066766
-0.996236 0.996134 -0.043662
-0.996236 0.996189 -0.020557
-0.996236 0.996245 0.002547
-0.996236 0.996287 0.019747
-0.996236 0.996328 0.036947
-0.996236 0.996370 0.054147
-0.996236 0.996411 0.071347
-0.996236 0.996453 0.088547
-0.996236 0.996494 0.105747
-0.996236 0.996536 0.122948
-0.996236 0.996577 0.140148
-0.996236 0.996618 0.157348
-0.996236 0.996660 0.174548
-0.996236 0.996701 0.191748
-0.996236 0.996743 0.208948
-0.996236 0.996784 0.226148
-0.996236 0.996826 0.243348
-0.996236 0.996867 0.260548
-0.996236 0.996909 0.277748
-0.996236 0.996950 0.294948
-0.996236 0.996992 0.312148
-0.996236 0.997033 0.329348
-0.996236 0.997075 0.346548
-0.996236 0.997116 0.363748
-0.996236 0.997158 0.380949
-0.996236 0.997199 0.398149
-0.966047 0.967051 0.415271
-0.935858 0.936904 0.432394
-0.905669 0.906756 0.449517
-0.875480 0.876608 0.466640
-0.845291 0.846460 0.483763
-0.815102 0.816313 0.500886
-0.784913 0.786165 0.518009
-0.754724 0.756017 0.535132
-0.724535 0.725869 0.552255
-0.694346 0.695722 0.569377
-0.664157 0.665532 0.569300
-0.633968 0.635343 0.569223
-0.603779 0.605154 0.569146
-0.573590 0.574965 0.569069
-0.543402 0.544775 0.568992
-0.513213 0.514586 0.568914
-0.483024 0.484397 0.568837
-0.452835 0.454208 0.568760
-0.422646 0.424018 0.568683
-0.392457 0.393829 0.568606
-0.362268 0.363640 0.568528
-0.332079 0.333451 0.568451
-0.301890 0.303261 0.568374
-0.271701 0.273072 0.568297
-0.241512 0.242883 0.568220
-0.211323 0.212694 0.568143
-0.181134 0.182504 0.568065
-0.150945 0.152315 0.567988
-0.120756 0.122126 0.567911
-0.090567 0.091937 0.567834
-0.060378 0.061747 0.567757
-0.030189 0.031558 0.567679
-0.000000 0.001369 0.567602
0.017559 -0.016190 0.567557
0.035118 -0.033749 0.567512
0.052676 -0.051308 0.567468
0.070235 -0.068867 0.567423
0.087794 -0.086426 0.567378
0.105353 -0.103985 0.567333
0.122912 -0.121544 0.567288
0.140470 -0.139103 0.567243
0.158029 -0.156662 0.567198
0.175588 -0.174221 0.567153
0.193147 -0.191780 0.567108
0.210706 -0.209339 0.567064
0.228264 -0.226898 0.567019
0.245823 -0.244457 0.566974
0.263382 -0.262016 0.566929
0.280941 -0.279575 0.566884
0.298500 -0.297134 0.566839
0.316058 -0.314693 0.566794
0.333617 -0.332251 0.566749
0.351176 -0.349810 0.566704
0.368735 -0.367369 0.566659
0.386294 -0.384928 0.566615
0.403853 -0.402487 0.566570
0.421411 -0.420046 0.566525
0.438970 -0.437605 0.566480
0.456529 -0.455164 0.566435
0.474088 -0.472723 0.566390
0.491647 -0.490282 0.566345
0.509205 -0.507841 0.566300
0.526764 -0.525400 0.566255
0.544323 -0.542959 0.566211
0.561882 -0.560518 0.566166
0.579441 -0.578077 0.566121
0.579441 -0.578077 0.566121
0.579441 -0.578077 0.566121
0.579441 -0.578077 0.566121
0.579441 -0.578077 0.566121
0.579441 -0.578077 0.566121
0.579441 -0.578077 0.566121
0.579441 -0.578077 0.566121
0.579441 -0.578077 0.566121
0.579441 -0.578077 0.566121
0.579441 -0.578077 0.566121
0.579441 -0.578077 0.566121
0.579441 -0.578077 0.566121
0.579441 -0.578077 0.566121
0.579441 -0.578077 0.566121
0.579441 -0.578077 0.566121
0.579441 -0.578077 0.566121
0.579441 -0.578077 0.566121
0.579441 -0.578077 0.566121
0.579441 -0.578077 0.566121
0.579441 -0.578077 0.566121
0.579441 -0.578077 0.566121
0.579441 -0.578077 0.566121
0.579441 -0.578077 0.566121
0.579441 -0.578077 0.566121
0.579441 -0.578077 0.566121
0.579441 -0.578077 0.566121
0.579441 -0.578077 0.566121
0.579441 -0.578077 0.566121
0.579441 -0.578077 0.566121
0.579441 -0.578077 0.566121
0.579441 -0.578077 0.566121
0.579441 -0.578077 0.566121
0.579441 -0.578077 0.566121
0.579441 -0.578077 0.566121
0.579441 -0.578077 0.566121
0.579441 -0.578077 0.566121
0.579441 -0.578077 0.566121
0.579441 -0.578077 0.566121
0.579441 -0.578077 0.566121
0.579441 -0.578077 0.566121
0.579441 -0.578077 0.566121
0.579441 -0.578077 0.566121
0.579441 -0.578077 0.566121
0.579441 -0.578077 0.566121
0.579441 -0.578077 0.566121
0.579441 -0.578077 0.566121
0.579441 -0.578077 0.566121
0.579441 -0.578077 0.566121
0.579441 -0.578077 0.566121
0.579441 -0.578077 0.566121
0.579441 -0.578077 0.566121
0.579441 -0.578077 0.566121
0.579441 -0.578077 0.566121
0.579441 -0.578077 0.566121
0.579441 -0.578077 0.566121
0.579441 -0.578077 0.566121
0.579441 -0.578077 0.566121
0.579441 -0.578077 0.566121
0.579441 -0.578077 0.566121
0.579441 -0.578077 0.566121
0.579441 -0.578077 0.566121
0.579441 -0.578077 0.566121
0.579441 -0.578077 0.566121
0.579441 -0.578077 0.566121
0.579441 -0.578077 0.566121
0.579441 -0.578077 0.566121
0.579441 -0.578118 0.548921
0.579441 -0.578160 0.531721
0.579441 -0.578201 0.514521
0.579441 -0.578243 0.497321
0.579441 -0.578284 0.480120
0.579441 -0.578326 0.462920
0.579441 -0.578367 0.445720
0.579441 -0.578409 0.428520
0.579441 -0.578450 0.411320
0.579441 -0.578492 0.394120
0.579441 -0.578533 0.376920
0.579441 -0.578575 0.359720
0.579441 -0.578616 0.342520
0.579441 -0.578658 0.325320
0.579441 -0.578699 0.308120
0.579441 -0.578741 0.290920
0.579441 -0.578782 0.273720
0.579441 -0.578824 0.256520
0.561882 -0.561306 0.239364
0.544323 -0.543789 0.222209
0.526764 -0.526271 0.205054
0.509205 -0.508754 0.187899
0.491647 -0.491236 0.170744
0.474088 -0.473719 0.153589
0.456529 -0.456201 0.136433
0.438970 -0.438684 0.119278
0.421411 -0.421166 0.102123
0.403853 -0.403649 0.084968
0.386294 -0.386131 0.067813
0.368735 -0.368614 0.050657
0.351176 -0.351096 0.033502
0.333617 -0.333579 0.016347
0.316058 -0.316061 -0.000808
0.298500 -0.298538 -0.015528
0.280941 -0.281015 -0.030248
0.263382 -0.263491 -0.044968
0.245823 -0.245968 -0.059687
0.228264 -0.228445 -0.074407
0.210706 -0.210921 -0.089127
0.193147 -0.193398 -0.103847
0.175588 -0.175874 -0.118567
0.158029 -0.158351 -0.133287
0.140470 -0.140828 -0.148006
0.122912 -0.123304 -0.162726
0.105353 -0.105781 -0.177446
0.087794 -0.088258 -0.192166
0.070235 -0.070734 -0.206886
0.052676 -0.053211 -0.221606
0.035118 -0.035688 -0.236325
0.017559 -0.018164 -0.251045
0.000000 -0.000641 -0.265765
-0.013931 0.013255 -0.280494
-0.027862 0.027150 -0.295223
-0.041793 0.041046 -0.309952
-0.055724 0.054941 -0.324681
-0.069655 0.068837 -0.339411
-0.083586 0.082732 -0.354140
-0.097517 0.096628 -0.368869
-0.111448 0.110523 -0.383598
-0.125379 0.124419 -0.398327
-0.139310 0.138314 -0.413056
-0.153241 0.152210 -0.427785
-0.167172 0.166105 -0.442514
-0.181103 0.180001 -0.457243
-0.195034 0.193896 -0.471973
-0.208965 0.207792 -0.486702
-0.222896 0.221723 -0.486666
-0.236827 0.235654 -0.486630
-0.250758 0.249585 -0.486595
-0.264689 0.263516 -0.486559
-0.278620 0.277447 -0.486524
-0.292551 0.291378 -0.486488
-0.306482 0.305309 -0.486452
-0.320413 0.319241 -0.486417
-0.334344 0.333172 -0.486381
-0.348275 0.347103 -0.486345
-0.362206 0.361034 -0.486310
-0.376137 0.374965 -0.486274
-0.390068 0.388896 -0.486239
-0.403999 0.402827 -0.486203
-0.417930 0.416758 -0.486167
-0.431861 0.430690 -0.486132
-0.445792 0.444621 -0.486096
-0.459723 0.458552 -0.486061
-0.459723 0.458552 -0.486061
-0.459723 0.458552 -0.486061
-0.459723 0.458552 -0.486061
-0.459723 0.458552 -0.486061
-0.459723 0.458552 -0.486061
-0.459723 0.458552 -0.486061
-0.459723 0.458552 -0.486061
-0.459723 0.458552 -0.486061
-0.459723 0.458552 -0.486061
-0.445792 0.444656 -0.471331
-0.431861 0.430761 -0.456602
-0.417930 0.416865 -0.441873
-0.403999 0.402970 -0.427144
-0.390068 0.389074 -0.412415
-0.376137 0.375179 -0.397686
-0.362206 0.361283 -0.382957
-0.348275 0.347388 -0.368228
-0.334344 0.333492 -0.353499
-0.320413 0.319597 -0.338769
-0.306482 0.305701 -0.324040
-0.292551 0.291806 -0.309311
-0.278620 0.277910 -0.294582
-0.264689 0.264015 -0.279853
-0.250758 0.250119 -0.265124
-0.236827 0.236224 -0.250395
-0.222896 0.222328 -0.235666
-0.208965 0.208433 -0.220937
-0.195034 0.194537 -0.206207
-0.181103 0.180642 -0.191478
-0.167172 0.166746 -0.176749
-0.153241 0.152851 -0.162020
-0.139310 0.138955 -0.147291
-0.125379 0.125060 -0.132562
-0.111448 0.111164 -0.117833
-0.097517 0.097269 -0.103104
-0.083586 0.083373 -0.088375
-0.069655 0.069478 -0.073646
-0.055724 0.055582 -0.058916
-0.041793 0.041687 -0.044187
-0.027862 0.027791 -0.029458
-0.013931 0.013896 -0.014729
0.000000 0.000000 0.000000
