      69
0.000000 0.000000 0.000000
0.750000 -0.750000 -0.750000
1.000000 -1.000000 -1.000000
1.000000 -1.000000 -1.000000
1.000000 -1.000000 -0.807315
0.479847 -1.000000 -0.057315
-0.270153 -1.000000 0.692685
-1.000000 -0.609699 1.000000
-1.000000 -0.089946 1.000000
-1.000000 0.438652 1.000000
-1.000000 0.937903 1.000000
-1.000000 1.000000 1.000000
-1.000000 1.000000 1.000000
-0.500000 1.000000 1.000000
0.250000 1.000000 1.000000
1.000000 1.000000 1.000000
1.000000 1.000000 0.500268
1.000000 1.000000 -0.249732
1.000000 1.000000 -0.999732
1.000000 1.000000 -1.000000
1.000000 1.000000 -1.000000
0.542675 1.000000 -1.000000
-0.207325 0.919898 -1.000000
-0.957325 0.373021 -1.000000
-1.000000 -0.162004 -1.000000
-1.000000 -0.645545 -1.000000
-1.000000 -1.000000 -1.000000
-1.000000 -1.000000 -0.790554
-1.000000 -1.000000 -0.040554
-0.750000 -0.750000 -0.750000
0.000000 0.000000 0.000000
0.000000 0.000000 0.000000
0.000000 0.000000 0.000000
0.000000 0.000000 0.000000
0.000000 0.000000 0.000000
0.000000 0.000000 0.000000
0.000000 0.000000 0.000000
0.000000 0.000000 0.000000
0.000000 0.000000 0.000000
-0.750000 -0.750000 0.750000
-1.000000 -1.000000 0.040554
-1.000000 -1.000000 0.790554
-1.000000 -1.000000 1.000000
-0.645545 -1.000000 1.000000
-0.162004 -1.000000 1.000000
0.373021 -0.957325 1.000000
0.919898 -0.207325 1.000000
1.000000 0.542675 1.000000
1.000000 1.000000 1.000000
1.000000 1.000000 1.000000
1.000000 1.000000 0.999732
1.000000 1.000000 0.249732
1.000000 1.000000 -0.500268
1.000000 1.000000 -1.000000
1.000000 0.250000 -1.000000
1.000000 -0.500000 -1.000000
1.000000 -1.000000 -1.000000
1.000000 -1.000000 -1.000000
0.937903 -1.000000 -1.000000
0.438652 -1.000000 -1.000000
-0.089946 -1.000000 -1.000000
-0.609699 -1.000000 -1.000000
-1.000000 -0.270153 -0.692685
-1.000000 0.479847 0.057315
-1.000000 1.000000 0.807315
-1.000000 1.000000 1.000000
-1.000000 1.000000 1.000000
-0.750000 0.750000 0.750000
0.000000 0.000000 0.000000
