      69
0.000000 0.000000 0.000000
0.661866 -0.750485 0.000000
0.521718 -0.853876 -0.000000
-0.180463 -0.984239 0.000000
-0.930948 -0.233754 -0.000000
-0.856903 0.516731 0.000000
-0.596194 0.803645 -0.000000
-0.492372 0.871128 0.000000
-0.395546 0.919150 0.000000
-0.276488 0.961690 -0.000000
-0.097178 0.995917 -0.000000
0.210074 0.978347 -0.000000
0.649362 0.761330 -0.000000
0.941551 0.338785 0.000000
0.999684 -0.043892 0.000000
0.950924 -0.311509 -0.000000
0.869411 -0.495398 0.000000
0.776395 -0.631273 0.000000
0.671261 -0.742093 -0.000000
0.542324 -0.840939 0.000000
0.365285 -0.931591 -0.000000
0.097471 -0.995888 -0.000000
-0.288792 -0.958067 0.000000
-0.668817 -0.744297 0.000000
-0.888465 -0.460351 -0.000000
-0.976570 -0.218184 -0.000000
-1.000000 -0.035970 -0.000000
-0.995606 0.100309 0.000000
-0.979162 0.206244 0.000000
-0.750485 0.661866 -0.000000
0.000000 0.000000 -0.000000
0.000000 0.000000 0.000000
0.000000 0.000000 -0.000000
0.000000 0.000000 0.000000
0.000000 0.000000 -0.000000
0.000000 0.000000 0.000000
0.000000 0.000000 -0.000000
0.000000 0.000000 0.000000
0.000000 0.000000 0.000000
-0.661866 0.750485 0.000000
-0.206244 0.979162 0.000000
-0.100309 0.995606 -0.000000
0.035970 1.000000 -0.000000
0.218184 0.976570 0.000000
0.460351 0.888465 0.000000
0.744298 0.668816 0.000000
0.958067 0.288792 0.000000
0.995888 -0.097472 -0.000000
0.931590 -0.365285 -0.000000
0.840939 -0.542324 -0.000000
0.742093 -0.671261 -0.000000
0.631273 -0.776394 -0.000000
0.495397 -0.869411 0.000000
0.311508 -0.950924 0.000000
0.043891 -0.999684 -0.000000
-0.338785 -0.941551 -0.000000
-0.761330 -0.649362 0.000000
-0.978347 -0.210074 -0.000000
-0.995917 0.097178 0.000000
-0.961690 0.276489 -0.000000
-0.919150 0.395546 0.000000
-0.871128 0.492371 0.000000
-0.803645 0.596195 -0.000000
-0.516731 0.856903 0.000000
0.233754 0.930948 -0.000000
0.984239 0.180463 -0.000000
0.853876 -0.521718 0.000000
0.750485 -0.661866 -0.000000
0.000000 0.000000 0.000000
