      69
0.000000 0.000000 0.000000
-0.750000 0.000000 -0.000000
-0.936621 -0.000000 0.000000
-0.186621 0.000000 -0.000000
0.563379 -0.000000 0.000000
1.000000 0.000000 -0.000000
1.000000 -0.000000 0.000000
1.000000 0.000000 -0.000000
1.000000 0.000000 -0.000000
0.979342 -0.000000 0.000000
0.229342 0.000000 -0.000000
-0.520658 0.000000 -0.000000
-1.000000 -0.000000 0.000000
-1.000000 0.000000 -0.000000
-1.000000 -0.000000 0.000000
-1.000000 0.000000 -0.000000
-1.000000 -0.000000 0.000000
-1.000000 -0.000000 -0.000000
-1.000000 -0.000000 -0.000000
-1.000000 0.000000 0.000000
-0.478032 -0.000000 -0.000000
0.271968 -0.000000 0.000000
1.000000 0.000000 -0.000000
1.000000 -0.000000 0.000000
1.000000 -0.000000 -0.000000
1.000000 -0.000000 0.000000
1.000000 -0.000000 -0.000000
1.000000 0.000000 0.000000
1.000000 0.000000 0.000000
0.750000 0.000000 -0.000000
0.000000 -0.000000 -0.000000
0.000000 0.000000 0.000000
0.000000 -0.000000 0.000000
0.000000 0.000000 0.000000
0.000000 -0.000000 -0.000000
0.000000 -0.000000 -0.000000
0.000000 0.000000 0.000000
0.000000 -0.000000 -0.000000
0.000000 -0.000000 -0.000000
-0.750000 0.000000 0.000000
-1.000000 -0.000000 -0.000000
-1.000000 0.000000 0.000000
-1.000000 0.000000 0.000000
-1.000000 -0.000000 -0.000000
-1.000000 -0.000000 -0.000000
-1.000000 -0.000000 0.000000
-1.000000 0.000000 -0.000000
-0.271968 -0.000000 -0.000000
0.478032 0.000000 0.000000
1.000000 0.000000 -0.000000
1.000000 -0.000000 0.000000
1.000000 -0.000000 0.000000
1.000000 0.000000 -0.000000
1.000000 0.000000 0.000000
1.000000 -0.000000 -0.000000
1.000000 0.000000 0.000000
1.000000 0.000000 0.000000
0.520658 0.000000 0.000000
-0.229342 -0.000000 -0.000000
-0.979342 -0.000000 0.000000
-1.000000 0.000000 0.000000
-1.000000 0.000000 -0.000000
-1.000000 -0.000000 -0.000000
-1.000000 0.000000 -0.000000
-0.563379 0.000000 0.000000
0.186621 -0.000000 -0.000000
0.936621 0.000000 0.000000
0.750000 0.000000 -0.000000
0.000000 0.000000 0.000000
