      69
0.000000 0.000000 0.000000
-0.750000 -0.750000 0.750000
-1.000000 -1.000000 1.000000
-1.000000 -1.000000 1.000000
-1.000000 -1.000000 1.000000
-1.000000 -1.000000 1.000000
-1.000000 -1.000000 1.000000
-1.000000 -1.000000 0.552534
-1.000000 -0.536399 -0.197466
-1.000000 0.213601 -0.947466
-1.000000 0.963601 -1.000000
-1.000000 1.000000 -1.000000
-1.000000 1.000000 -1.000000
-1.000000 1.000000 -1.000000
-0.936826 1.000000 -1.000000
-0.555316 1.000000 -1.000000
-0.165344 1.000000 -1.000000
0.222933 1.000000 -1.000000
0.599399 1.000000 -1.000000
0.954250 1.000000 -1.000000
1.000000 1.000000 -0.388350
1.000000 1.000000 0.361650
1.000000 1.000000 1.000000
1.000000 1.000000 1.000000
1.000000 1.000000 1.000000
1.000000 1.000000 1.000000
1.000000 1.000000 1.000000
1.000000 0.484576 1.000000
1.000000 -0.265424 1.000000
0.750000 0.484576 0.750000
0.000000 0.000000 0.000000
0.000000 0.000000 0.000000
0.000000 0.000000 0.000000
0.000000 0.000000 0.000000
0.000000 0.000000 0.000000
0.000000 0.000000 0.000000
0.000000 0.000000 0.000000
0.000000 0.000000 0.000000
0.000000 0.000000 0.000000
0.750000 -0.484576 0.750000
1.000000 0.265424 1.000000
1.000000 -0.484576 1.000000
1.000000 -1.000000 1.000000
1.000000 -1.000000 1.000000
1.000000 -1.000000 1.000000
1.000000 -1.000000 1.000000
1.000000 -1.000000 1.000000
0.361650 -1.000000 1.000000
-0.388350 -1.000000 1.000000
-1.000000 -1.000000 0.954250
-1.000000 -1.000000 0.599399
-1.000000 -1.000000 0.222933
-1.000000 -1.000000 -0.165344
-1.000000 -1.000000 -0.555316
-1.000000 -1.000000 -0.936826
-1.000000 -1.000000 -1.000000
-1.000000 -1.000000 -1.000000
-1.000000 -1.000000 -1.000000
-1.000000 -0.963601 -1.000000
-0.947466 -0.213601 -1.000000
-0.197466 0.536399 -1.000000
0.552534 1.000000 -1.000000
1.000000 1.000000 -1.000000
1.000000 1.000000 -1.000000
1.000000 1.000000 -1.000000
1.000000 1.000000 -1.000000
1.000000 1.000000 -1.000000
0.750000 0.750000 -0.750000
0.000000 0.000000 0.000000
