      69
0.000000 0.000000 0.000000
0.754773 -0.665647 -0.000000
0.321229 -0.911570 0.000000
-0.433544 -0.156797 -0.000000
-0.920706 0.406286 -0.000000
-0.819050 0.584743 0.000000
-0.710844 0.712368 0.000000
-0.560858 0.835587 -0.000000
-0.147871 0.995441 0.000000
0.606901 0.802769 0.000000
0.910746 0.428147 -0.000000
1.000000 0.112996 -0.000000
0.991874 -0.170159 0.000000
0.911066 -0.427465 0.000000
0.759920 -0.659765 -0.000000
0.525869 -0.858038 -0.000000
0.197890 -0.986716 -0.000000
-0.158487 -0.993806 0.000000
-0.441211 -0.904489 -0.000000
-0.648607 -0.769465 0.000000
-0.805245 -0.603613 0.000000
-0.921369 -0.404779 -0.000000
-0.992697 -0.165291 0.000000
-0.998593 0.124817 0.000000
-0.886956 0.475476 -0.000000
-0.507016 0.869312 0.000000
0.158123 0.993864 0.000000
0.426668 0.911440 0.000000
0.547590 0.844342 -0.000000
0.665647 0.754773 -0.000000
0.000000 0.000000 -0.000000
0.000000 0.000000 0.000000
0.000000 0.000000 -0.000000
0.000000 0.000000 0.000000
0.000000 0.000000 0.000000
0.000000 0.000000 0.000000
0.000000 0.000000 -0.000000
0.000000 0.000000 -0.000000
0.000000 0.000000 0.000000
0.754773 0.665647 0.000000
0.844342 0.547590 0.000000
0.911440 0.426668 -0.000000
0.993864 0.158123 -0.000000
0.869312 -0.507016 0.000000
0.475476 -0.886956 0.000000
0.124817 -0.998593 0.000000
-0.165291 -0.992697 0.000000
-0.404779 -0.921369 -0.000000
-0.603613 -0.805245 0.000000
-0.769465 -0.648607 0.000000
-0.904489 -0.441211 -0.000000
-0.993806 -0.158487 0.000000
-0.986716 0.197890 0.000000
-0.858038 0.525869 0.000000
-0.659765 0.759920 -0.000000
-0.427465 0.911066 0.000000
-0.170159 0.991874 -0.000000
0.112996 1.000000 0.000000
0.428147 0.910746 -0.000000
0.802769 0.606901 0.000000
0.995441 -0.147871 -0.000000
0.835587 -0.560858 -0.000000
0.712368 -0.710844 0.000000
0.584743 -0.819050 -0.000000
0.406286 -0.920706 0.000000
-0.156797 -0.433544 0.000000
-0.911570 0.321229 -0.000000
-0.665647 0.754773 0.000000
0.000000 0.000000 0.000000
