      69
0.000000 0.000000 0.000000
0.750254 -0.661661 0.000000
0.778882 -0.627710 -0.000000
0.782611 -0.623054 0.000000
0.787519 -0.616839 -0.000000
0.794375 -0.607984 0.000000
0.804918 -0.593955 -0.000000
0.981743 -0.191982 -0.000000
0.830065 0.558272 0.000000
0.499065 0.866954 -0.000000
0.319725 0.947867 -0.000000
0.164499 0.986720 0.000000
0.026003 1.000000 0.000000
-0.099879 0.995339 0.000000
-0.215980 0.976744 -0.000000
-0.324533 0.946232 0.000000
-0.427480 0.904399 -0.000000
-0.526649 0.850480 0.000000
-0.623873 0.781958 0.000000
-0.721049 0.693372 0.000000
-0.819895 0.573104 0.000000
-0.919470 0.394018 -0.000000
-0.995158 0.101667 0.000000
-0.978301 -0.208813 -0.000000
-0.921190 -0.389980 0.000000
-0.864605 -0.503124 0.000000
-0.812253 -0.583884 -0.000000
-0.763457 -0.646382 0.000000
-0.717283 -0.697267 0.000000
-0.672949 -0.740146 -0.000000
0.000000 0.000000 0.000000
0.000000 0.000000 -0.000000
0.000000 0.000000 -0.000000
0.000000 0.000000 0.000000
0.000000 0.000000 0.000000
0.000000 0.000000 -0.000000
0.000000 0.000000 -0.000000
0.000000 0.000000 0.000000
0.000000 0.000000 -0.000000
-0.740146 -0.672949 0.000000
-0.697267 -0.717283 0.000000
-0.646382 -0.763457 -0.000000
-0.583884 -0.812253 0.000000
-0.503124 -0.864605 0.000000
-0.389980 -0.921190 0.000000
-0.208813 -0.978301 -0.000000
0.101667 -0.995158 0.000000
0.394018 -0.919470 -0.000000
0.573104 -0.819895 0.000000
0.693372 -0.721049 0.000000
0.781958 -0.623873 -0.000000
0.850480 -0.526649 0.000000
0.904399 -0.427480 0.000000
0.946232 -0.324533 0.000000
0.976744 -0.215980 -0.000000
0.995339 -0.099879 0.000000
1.000000 0.026003 -0.000000
0.986720 0.164499 0.000000
0.947867 0.319725 -0.000000
0.866954 0.499065 0.000000
0.558272 0.830065 0.000000
-0.191982 0.981743 -0.000000
-0.593955 0.804918 0.000000
-0.607984 0.794375 -0.000000
-0.616839 0.787519 0.000000
-0.623054 0.782611 0.000000
-0.627710 0.778882 -0.000000
-0.661661 0.750254 -0.000000
0.000000 0.000000 0.000000
