      69
0.000000 0.000000 0.000000
0.750000 0.000000 -0.000000
1.000000 -0.000000 0.000000
1.000000 0.000000 -0.000000
0.840017 -0.000000 -0.000000
0.090017 0.000000 0.000000
-0.659983 -0.000000 -0.000000
-1.000000 0.000000 0.000000
-1.000000 -0.000000 0.000000
-1.000000 0.000000 0.000000
-1.000000 -0.000000 -0.000000
-1.000000 0.000000 -0.000000
-1.000000 -0.000000 0.000000
-1.000000 -0.000000 0.000000
-1.000000 -0.000000 -0.000000
-1.000000 0.000000 0.000000
-0.697677 -0.000000 -0.000000
0.052323 0.000000 0.000000
0.802323 -0.000000 -0.000000
1.000000 0.000000 0.000000
1.000000 -0.000000 -0.000000
1.000000 0.000000 -0.000000
1.000000 -0.000000 0.000000
1.000000 -0.000000 -0.000000
1.000000 -0.000000 0.000000
1.000000 0.000000 -0.000000
1.000000 0.000000 -0.000000
1.000000 0.000000 0.000000
1.000000 -0.000000 -0.000000
0.750000 0.000000 -0.000000
0.000000 0.000000 0.000000
0.000000 0.000000 0.000000
0.000000 0.000000 0.000000
0.000000 0.000000 0.000000
0.000000 0.000000 0.000000
0.000000 0.000000 0.000000
0.000000 0.000000 0.000000
0.000000 0.000000 0.000000
0.000000 0.000000 0.000000
-0.750000 -0.000000 0.000000
-1.000000 -0.000000 0.000000
-1.000000 0.000000 -0.000000
-1.000000 -0.000000 0.000000
-1.000000 0.000000 -0.000000
-1.000000 0.000000 0.000000
-1.000000 0.000000 0.000000
-1.000000 -0.000000 -0.000000
-1.000000 0.000000 0.000000
-1.000000 0.000000 -0.000000
-1.000000 -0.000000 0.000000
-0.802323 0.000000 -0.000000
-0.052323 -0.000000 -0.000000
0.697677 0.000000 -0.000000
1.000000 -0.000000 -0.000000
1.000000 -0.000000 0.000000
1.000000 0.000000 0.000000
1.000000 0.000000 -0.000000
1.000000 0.000000 -0.000000
1.000000 -0.000000 0.000000
1.000000 0.000000 -0.000000
1.000000 -0.000000 0.000000
1.000000 0.000000 -0.000000
0.659983 0.000000 -0.000000
-0.090017 0.000000 0.000000
-0.840017 -0.000000 0.000000
-1.000000 0.000000 -0.000000
-1.000000 0.000000 -0.000000
-0.750000 -0.000000 0.000000
0.000000 0.000000 0.000000
