      69
0.000000 0.000000 0.000000
0.733469 -0.683069 -0.000000
0.745191 -0.670261 -0.000000
0.515233 -0.859706 0.000000
-0.236475 -0.919202 0.000000
-0.988182 -0.167494 -0.000000
-0.986276 0.178375 0.000000
-0.927003 0.381083 -0.000000
-0.844321 0.540075 0.000000
-0.743882 0.671713 -0.000000
-0.621179 0.786572 0.000000
-0.460052 0.890456 -0.000000
-0.222899 0.977177 0.000000
0.124286 0.994541 -0.000000
0.447756 0.896701 0.000000
0.664223 0.750578 -0.000000
0.809389 0.591141 0.000000
0.907970 0.424439 0.000000
0.970493 0.250404 -0.000000
1.000000 0.067519 0.000000
0.994282 -0.126345 0.000000
0.945052 -0.333819 -0.000000
0.832835 -0.557625 -0.000000
0.609368 -0.795757 -0.000000
0.171467 -0.987501 -0.000000
-0.236475 -0.973981 0.000000
-0.423330 -0.908488 0.000000
-0.529276 -0.851132 0.000000
-0.602242 -0.801164 -0.000000
-0.662944 -0.751708 0.000000
0.000000 0.000000 -0.000000
0.000000 0.000000 0.000000
0.000000 0.000000 0.000000
0.000000 0.000000 0.000000
0.000000 0.000000 -0.000000
0.000000 0.000000 -0.000000
0.000000 0.000000 0.000000
0.000000 0.000000 -0.000000
0.000000 0.000000 0.000000
-0.751708 -0.662944 -0.000000
-0.801164 -0.602242 0.000000
-0.851132 -0.529275 0.000000
-0.908488 -0.423330 -0.000000
-0.973981 -0.236475 0.000000
-0.987501 0.171467 -0.000000
-0.795757 0.609368 -0.000000
-0.557625 0.832835 0.000000
-0.333820 0.945052 -0.000000
-0.126345 0.994282 0.000000
0.067520 1.000000 -0.000000
0.250404 0.970493 -0.000000
0.424439 0.907970 0.000000
0.591141 0.809389 0.000000
0.750577 0.664223 -0.000000
0.896702 0.447755 -0.000000
0.994541 0.124286 -0.000000
0.977177 -0.222898 0.000000
0.890456 -0.460052 0.000000
0.786572 -0.621179 -0.000000
0.671713 -0.743882 0.000000
0.540075 -0.844321 -0.000000
0.381083 -0.927003 -0.000000
0.178375 -0.986276 0.000000
-0.167494 -0.988182 -0.000000
-0.919202 -0.236475 0.000000
-0.859706 0.515233 0.000000
-0.670261 0.745190 0.000000
-0.683068 0.733469 -0.000000
0.000000 0.000000 0.000000
