      69
0.000000 0.000000 0.000000
0.750000 0.750000 -0.750000
0.635955 0.833069 -1.000000
-0.114045 0.083069 -0.254362
-0.864045 -0.666931 0.492982
-1.000000 -1.000000 1.000000
-1.000000 -1.000000 1.000000
-0.987983 -1.000000 1.000000
-0.237983 -0.414334 1.000000
0.512017 0.335666 0.909811
1.000000 1.000000 0.387388
1.000000 1.000000 -0.214906
1.000000 1.000000 -0.785211
1.000000 0.258210 -1.000000
1.000000 -0.491790 -1.000000
0.724485 -1.000000 -1.000000
-0.025515 -1.000000 -1.000000
-0.775515 -0.992141 -1.000000
-1.000000 -0.242141 -1.000000
-1.000000 0.507859 -0.784818
-1.000000 1.000000 -0.314719
-1.000000 1.000000 0.153344
-1.000000 1.000000 0.558956
-0.911986 1.000000 0.851734
-0.161986 1.000000 1.000000
0.588014 0.540235 1.000000
1.000000 -0.209765 0.963311
1.000000 -0.959765 0.792340
1.000000 -1.000000 0.583974
0.750000 -0.750000 0.355175
0.000000 0.000000 0.000000
0.000000 0.000000 0.000000
0.000000 0.000000 0.000000
0.000000 0.000000 0.000000
0.000000 0.000000 0.000000
0.000000 0.000000 0.000000
0.000000 0.000000 0.000000
0.000000 0.000000 0.000000
0.000000 0.000000 0.000000
0.750000 -0.750000 -0.750000
0.871637 -1.000000 -1.000000
0.121637 -1.000000 -1.000000
-0.628363 -1.000000 -1.000000
-1.000000 -1.000000 -0.734036
-1.000000 -0.484329 0.015964
-1.000000 0.265671 0.765964
-1.000000 1.000000 1.000000
-1.000000 1.000000 1.000000
-0.955614 1.000000 1.000000
-0.205614 1.000000 0.250000
0.544386 1.000000 -0.500000
1.000000 1.000000 -1.000000
1.000000 1.000000 -1.000000
1.000000 1.000000 -1.000000
1.000000 0.567780 -0.516509
1.000000 -0.182220 0.233491
1.000000 -0.932220 0.983491
0.925909 -1.000000 1.000000
0.175909 -1.000000 1.000000
-0.574091 -1.000000 1.000000
-1.000000 -1.000000 0.634769
-1.000000 -0.703851 -0.115231
-1.000000 -0.167911 -0.865231
-1.000000 0.394690 -1.000000
-0.635736 0.624945 -1.000000
0.114264 0.443925 -0.423834
0.864264 0.121238 0.326166
0.750000 0.221044 0.750000
0.000000 0.000000 0.000000
