      69
0.000000 0.000000 0.000000
-0.750000 0.750000 -0.750000
-1.000000 0.907434 -1.000000
-1.000000 0.157434 -0.707767
-1.000000 -0.592566 0.042233
-0.679784 -1.000000 0.792233
0.070216 -1.000000 1.000000
0.820216 -1.000000 1.000000
1.000000 -1.000000 1.000000
1.000000 -0.521896 1.000000
1.000000 0.228104 1.000000
1.000000 0.978104 1.000000
1.000000 1.000000 0.540951
1.000000 1.000000 -0.209049
1.000000 1.000000 -0.959049
1.000000 0.953876 -1.000000
1.000000 0.203876 -1.000000
0.860122 -0.546124 -1.000000
0.170468 -1.000000 -1.000000
-0.425177 -1.000000 -1.000000
-0.957366 -1.000000 -1.000000
-1.000000 -1.000000 -1.000000
-1.000000 -0.482222 -1.000000
-1.000000 0.267778 -0.760125
-1.000000 1.000000 -0.010125
-0.659164 1.000000 0.739875
-0.472332 1.000000 1.000000
-0.390092 1.000000 1.000000
-0.314117 1.000000 1.000000
-0.406953 0.750000 0.750000
0.000000 0.000000 0.000000
0.000000 0.000000 0.000000
0.000000 0.000000 0.000000
0.000000 0.000000 0.000000
0.000000 0.000000 0.000000
0.000000 0.000000 0.000000
0.000000 0.000000 0.000000
0.000000 0.000000 0.000000
0.000000 0.000000 0.000000
-0.750000 -0.128169 0.750000
-1.000000 -0.268435 1.000000
-1.000000 -0.497592 1.000000
-0.500000 -0.783566 1.000000
0.250000 -1.000000 1.000000
1.000000 -1.000000 0.950214
1.000000 -1.000000 0.200214
1.000000 -1.000000 -0.549786
1.000000 -1.000000 -1.000000
1.000000 -1.000000 -1.000000
0.648184 -1.000000 -1.000000
-0.101816 -0.537994 -1.000000
-0.851816 0.043506 -1.000000
-1.000000 0.548644 -1.000000
-1.000000 0.993842 -1.000000
-1.000000 1.000000 -1.000000
-0.250000 1.000000 -0.943463
0.500000 1.000000 -0.361541
1.000000 1.000000 0.321397
1.000000 1.000000 1.000000
1.000000 1.000000 1.000000
1.000000 1.000000 1.000000
1.000000 0.995052 1.000000
0.563137 0.438373 1.000000
-0.186863 -0.178728 0.959987
-0.936863 -0.928728 0.328275
-1.000000 -1.000000 -0.389732
-1.000000 -1.000000 -0.984740
-0.250000 -0.750000 -0.750000
0.000000 0.000000 0.000000
