      69
0.000000 0.000000 0.000000
0.750000 -0.750000 -0.750000
1.000000 -1.000000 -1.000000
1.000000 -1.000000 -1.000000
1.000000 -1.000000 -0.826489
1.000000 -1.000000 -0.169860
1.000000 -1.000000 0.559073
1.000000 -0.250000 1.000000
0.624175 0.276978 1.000000
-0.125825 -0.473022 1.000000
-0.875825 -1.000000 1.000000
-1.000000 -0.431975 1.000000
-1.000000 0.318025 1.000000
-1.000000 1.000000 1.000000
-1.000000 1.000000 1.000000
-1.000000 1.000000 1.000000
-1.000000 1.000000 1.000000
-1.000000 1.000000 0.330230
-1.000000 0.250000 -0.419770
-1.000000 -0.500000 -1.000000
-1.000000 -1.000000 -1.000000
-1.000000 -1.000000 -1.000000
-1.000000 -0.808794 -1.000000
-1.000000 -0.097451 -1.000000
-0.800938 0.652549 -1.000000
-0.050938 1.000000 -1.000000
0.699062 1.000000 -1.000000
1.000000 1.000000 -1.000000
1.000000 1.000000 -1.000000
0.750000 0.750000 -0.750000
0.000000 0.000000 0.000000
0.000000 0.000000 0.000000
0.000000 0.000000 0.000000
0.000000 0.000000 0.000000
0.000000 0.000000 0.000000
0.000000 0.000000 0.000000
0.000000 0.000000 0.000000
0.000000 0.000000 0.000000
0.000000 0.000000 0.000000
0.750000 0.750000 -0.750000
1.000000 1.000000 -1.000000
1.000000 1.000000 -1.000000
1.000000 1.000000 -0.701262
1.000000 1.000000 0.048738
1.000000 0.929779 0.798738
1.000000 0.179779 1.000000
1.000000 -0.570221 1.000000
1.000000 -1.000000 1.000000
1.000000 -1.000000 1.000000
1.000000 -0.829168 1.000000
0.423039 -0.079168 1.000000
-0.326961 0.670832 1.000000
-1.000000 1.000000 1.000000
-1.000000 1.000000 1.000000
-1.000000 1.000000 1.000000
-1.000000 1.000000 1.000000
-1.000000 0.500000 1.000000
-1.000000 -0.250000 1.000000
-1.000000 -1.000000 0.876868
-1.000000 -0.494071 0.126868
-1.000000 0.255929 -0.623132
-1.000000 -0.250000 -1.000000
-0.560763 -1.000000 -1.000000
0.170379 -1.000000 -1.000000
0.824596 -1.000000 -1.000000
1.000000 -1.000000 -1.000000
1.000000 -1.000000 -1.000000
0.750000 -0.750000 -0.750000
0.000000 0.000000 0.000000
