      69
0.000000 0.000000 0.000000
-0.750000 0.000000 0.000000
-1.000000 -0.000000 0.000000
-1.000000 -0.000000 0.000000
-1.000000 0.000000 -0.000000
-1.000000 0.000000 0.000000
-0.466203 0.000000 -0.000000
0.283797 -0.000000 0.000000
1.000000 -0.000000 -0.000000
1.000000 0.000000 -0.000000
1.000000 0.000000 0.000000
1.000000 -0.000000 -0.000000
1.000000 0.000000 -0.000000
1.000000 0.000000 0.000000
1.000000 -0.000000 -0.000000
1.000000 -0.000000 0.000000
1.000000 0.000000 -0.000000
1.000000 -0.000000 0.000000
1.000000 0.000000 0.000000
1.000000 -0.000000 0.000000
0.644135 0.000000 -0.000000
-0.105865 -0.000000 -0.000000
-0.855865 -0.000000 0.000000
-1.000000 -0.000000 -0.000000
-1.000000 -0.000000 0.000000
-1.000000 0.000000 -0.000000
-1.000000 -0.000000 -0.000000
-1.000000 -0.000000 0.000000
-1.000000 -0.000000 -0.000000
-0.750000 0.000000 0.000000
-0.000000 0.000000 -0.000000
0.000000 -0.000000 0.000000
-0.000000 -0.000000 0.000000
0.000000 -0.000000 -0.000000
0.000000 0.000000 0.000000
-0.000000 0.000000 0.000000
0.000000 -0.000000 -0.000000
-0.000000 0.000000 0.000000
0.000000 -0.000000 -0.000000
-0.750000 0.000000 -0.000000
-1.000000 -0.000000 -0.000000
-1.000000 0.000000 0.000000
-1.000000 0.000000 -0.000000
-1.000000 -0.000000 -0.000000
-1.000000 0.000000 0.000000
-1.000000 -0.000000 0.000000
-0.855865 0.000000 -0.000000
-0.105865 0.000000 -0.000000
0.644135 0.000000 0.000000
1.000000 -0.000000 -0.000000
1.000000 0.000000 0.000000
1.000000 -0.000000 0.000000
1.000000 0.000000 0.000000
1.000000 -0.000000 -0.000000
1.000000 0.000000 -0.000000
1.000000 0.000000 -0.000000
1.000000 0.000000 0.000000
1.000000 0.000000 0.000000
1.000000 -0.000000 -0.000000
1.000000 0.000000 0.000000
1.000000 -0.000000 -0.000000
0.283797 -0.000000 0.000000
-0.466203 0.000000 -0.000000
-1.000000 -0.000000 0.000000
-1.000000 0.000000 -0.000000
-1.000000 0.000000 0.000000
-1.000000 -0.000000 -0.000000
-0.750000 0.000000 0.000000
0.000000 0.000000 0.000000
