      69
0.000000 0.000000 0.000000
-0.750000 -0.750000 -0.750000
-1.000000 -1.000000 -1.000000
-0.614804 -0.756175 -0.289698
0.135196 -0.326167 0.460302
0.885196 0.140376 1.000000
1.000000 0.627180 1.000000
1.000000 1.000000 1.000000
1.000000 1.000000 1.000000
0.997707 1.000000 1.000000
0.247707 1.000000 0.519491
-0.502293 1.000000 -0.230509
-1.000000 1.000000 -0.980509
-1.000000 1.000000 -1.000000
-1.000000 0.531867 -1.000000
-0.914759 -0.154702 -1.000000
-0.164759 -0.863651 -1.000000
0.585241 -1.000000 -1.000000
1.000000 -1.000000 -1.000000
1.000000 -1.000000 -1.000000
1.000000 -1.000000 -0.452374
1.000000 -1.000000 0.297626
0.773936 -1.000000 1.000000
0.023936 -1.000000 1.000000
-0.726064 -1.000000 1.000000
-1.000000 -0.586042 1.000000
-1.000000 0.026185 1.000000
-1.000000 0.587370 0.810827
-1.000000 1.000000 0.060827
-0.750000 0.750000 0.750000
0.000000 0.000000 0.000000
0.000000 0.000000 0.000000
0.000000 0.000000 0.000000
0.000000 0.000000 0.000000
0.000000 0.000000 0.000000
0.000000 0.000000 0.000000
0.000000 0.000000 0.000000
0.000000 0.000000 0.000000
0.000000 0.000000 0.000000
-0.750000 0.750000 -0.750000
-1.000000 1.000000 -0.060827
-0.587370 1.000000 -0.810827
-0.026185 1.000000 -1.000000
0.586042 1.000000 -1.000000
1.000000 0.726064 -1.000000
1.000000 -0.023936 -1.000000
1.000000 -0.773936 -1.000000
1.000000 -1.000000 -0.297626
1.000000 -1.000000 0.452374
1.000000 -1.000000 1.000000
1.000000 -1.000000 1.000000
1.000000 -0.585241 1.000000
0.863651 0.164759 1.000000
0.154702 0.914759 1.000000
-0.531867 1.000000 1.000000
-1.000000 1.000000 1.000000
-1.000000 1.000000 0.980509
-1.000000 0.502293 0.230509
-1.000000 -0.247707 -0.519491
-1.000000 -0.997707 -1.000000
-1.000000 -1.000000 -1.000000
-1.000000 -1.000000 -1.000000
-0.627180 -1.000000 -1.000000
-0.140376 -0.885196 -1.000000
0.326167 -0.135196 -0.460302
0.756175 0.614804 0.289698
1.000000 1.000000 1.000000
0.750000 0.750000 0.750000
0.000000 0.000000 0.000000
