      69
0.000000 0.000000 0.000000
-0.750000 0.000000 0.000000
-1.000000 -0.000000 -0.000000
-1.000000 -0.000000 0.000000
-1.000000 0.000000 -0.000000
-1.000000 -0.000000 -0.000000
-1.000000 0.000000 -0.000000
-1.000000 -0.000000 -0.000000
-1.000000 -0.000000 0.000000
-0.923611 -0.000000 0.000000
-0.173611 0.000000 -0.000000
0.576389 0.000000 0.000000
1.000000 0.000000 -0.000000
1.000000 0.000000 -0.000000
1.000000 -0.000000 0.000000
1.000000 0.000000 -0.000000
1.000000 -0.000000 0.000000
1.000000 0.000000 0.000000
1.000000 -0.000000 -0.000000
1.000000 -0.000000 0.000000
1.000000 0.000000 -0.000000
1.000000 -0.000000 -0.000000
1.000000 -0.000000 -0.000000
1.000000 0.000000 -0.000000
1.000000 -0.000000 0.000000
1.000000 0.000000 -0.000000
1.000000 -0.000000 -0.000000
1.000000 0.000000 0.000000
1.000000 -0.000000 0.000000
0.750000 -0.000000 -0.000000
0.000000 0.000000 0.000000
0.000000 0.000000 0.000000
0.000000 -0.000000 0.000000
0.000000 0.000000 -0.000000
0.000000 -0.000000 0.000000
0.000000 0.000000 -0.000000
0.000000 0.000000 0.000000
0.000000 -0.000000 -0.000000
0.000000 0.000000 0.000000
-0.750000 0.000000 -0.000000
-1.000000 0.000000 0.000000
-1.000000 -0.000000 -0.000000
-1.000000 -0.000000 0.000000
-1.000000 0.000000 -0.000000
-1.000000 -0.000000 -0.000000
-1.000000 0.000000 0.000000
-1.000000 0.000000 -0.000000
-1.000000 -0.000000 -0.000000
-1.000000 0.000000 -0.000000
-1.000000 -0.000000 0.000000
-1.000000 0.000000 -0.000000
-1.000000 -0.000000 0.000000
-1.000000 0.000000 -0.000000
-1.000000 0.000000 0.000000
-1.000000 0.000000 -0.000000
-1.000000 0.000000 0.000000
-1.000000 -0.000000 -0.000000
-0.576389 -0.000000 0.000000
0.173611 -0.000000 -0.000000
0.923611 0.000000 -0.000000
1.000000 -0.000000 0.000000
1.000000 0.000000 -0.000000
1.000000 -0.000000 0.000000
1.000000 0.000000 -0.000000
1.000000 -0.000000 0.000000
1.000000 0.000000 -0.000000
1.000000 0.000000 -0.000000
0.750000 -0.000000 -0.000000
0.000000 0.000000 0.000000
