      69
0.000000 0.000000 0.000000
-0.661479 -0.750046 -0.000000
0.085149 -0.712149 0.000000
0.835196 0.037898 -0.000000
0.615847 0.787944 0.000000
0.412478 0.911035 -0.000000
0.267487 0.963626 0.000000
-0.041865 0.999185 -0.000000
-0.749689 0.661884 0.000000
-0.996542 -0.083828 -0.000000
-0.856627 -0.516056 0.000000
-0.680870 -0.732488 0.000000
-0.508059 -0.861394 -0.000000
-0.312514 -0.949978 -0.000000
-0.051311 -0.998745 -0.000000
0.316304 -0.948723 0.000000
0.711219 -0.703059 0.000000
0.943542 -0.331440 0.000000
1.000000 0.011119 -0.000000
0.959794 0.280926 -0.000000
0.868537 0.495748 0.000000
0.732265 0.681111 0.000000
0.521518 0.853313 0.000000
0.157450 0.987590 0.000000
-0.386025 0.922555 -0.000000
-0.788771 0.614788 0.000000
-0.949445 0.314131 0.000000
-0.995663 0.093698 -0.000000
-0.997798 -0.067246 -0.000000
-0.750046 -0.661479 0.000000
0.000000 0.000000 -0.000000
0.000000 0.000000 0.000000
0.000000 0.000000 0.000000
0.000000 0.000000 -0.000000
0.000000 0.000000 -0.000000
0.000000 0.000000 -0.000000
0.000000 0.000000 0.000000
0.000000 0.000000 0.000000
0.000000 0.000000 -0.000000
-0.661479 -0.750046 0.000000
-0.067246 -0.997798 -0.000000
0.093698 -0.995663 -0.000000
0.314131 -0.949445 0.000000
0.614788 -0.788771 -0.000000
0.922555 -0.386025 0.000000
0.987589 0.157450 0.000000
0.853313 0.521518 -0.000000
0.681111 0.732265 -0.000000
0.495748 0.868537 -0.000000
0.280926 0.959794 0.000000
0.011119 1.000000 -0.000000
-0.331440 0.943542 0.000000
-0.703059 0.711219 0.000000
-0.948723 0.316304 0.000000
-0.998745 -0.051311 0.000000
-0.949978 -0.312514 -0.000000
-0.861394 -0.508059 -0.000000
-0.732488 -0.680870 0.000000
-0.516057 -0.856627 0.000000
-0.083828 -0.996542 0.000000
0.661884 -0.749689 -0.000000
0.999185 -0.041865 0.000000
0.963626 0.267487 -0.000000
0.911035 0.412478 -0.000000
0.787944 0.615847 -0.000000
0.037898 0.835196 0.000000
-0.712149 0.085149 0.000000
-0.750046 -0.661479 -0.000000
0.000000 0.000000 0.000000
