      69
0.000000 0.000000 0.000000
-0.635156 -0.750000 -0.750000
-0.395832 -0.633230 -0.591773
0.282800 -0.051444 0.158227
0.874109 0.494369 0.908227
0.998022 0.909092 1.000000
0.960647 1.000000 1.000000
0.289180 1.000000 0.644837
-0.441050 0.865673 -0.105163
-0.994414 0.397453 -0.855163
-0.973421 -0.211081 -1.000000
-0.999342 -0.842656 -1.000000
-1.000000 -1.000000 -1.000000
-0.998944 -1.000000 -0.250000
-0.266150 -1.000000 0.500000
0.457684 -1.000000 1.000000
0.985240 -1.000000 1.000000
0.997442 -1.000000 0.863810
0.879617 -0.457337 0.113810
0.998676 0.292663 -0.636190
0.948112 1.000000 -1.000000
0.991108 1.000000 -1.000000
0.427582 1.000000 -1.000000
-0.168738 1.000000 -0.948772
-0.897076 1.000000 -0.198772
-0.831851 1.000000 0.551228
-0.995619 0.594058 1.000000
-0.577019 -0.066217 1.000000
-0.841119 -0.659457 1.000000
-0.496537 -0.750000 0.750000
0.000000 0.000000 0.000000
0.000000 0.000000 0.000000
0.000000 0.000000 0.000000
0.000000 0.000000 0.000000
0.000000 0.000000 0.000000
0.000000 0.000000 0.000000
0.000000 0.000000 0.000000
0.000000 0.000000 0.000000
0.000000 0.000000 0.000000
0.454682 -0.750000 0.750000
0.818714 -1.000000 0.648277
0.882228 -1.000000 0.044410
0.871641 -1.000000 -0.627797
1.000000 -0.500000 -1.000000
0.670627 0.250000 -1.000000
0.046764 1.000000 -1.000000
-0.386463 1.000000 -1.000000
-0.999151 1.000000 -1.000000
-0.978491 1.000000 -0.999734
-0.981749 0.519771 -0.249734
-0.988103 -0.230229 0.500266
-0.996129 -0.980229 1.000000
-1.000000 -1.000000 1.000000
-0.355837 -1.000000 1.000000
0.394163 -0.343294 1.000000
1.000000 0.406706 1.000000
1.000000 1.000000 1.000000
1.000000 1.000000 0.826234
0.999050 1.000000 0.175009
0.998180 0.816183 -0.434815
0.269961 0.066183 -0.870482
-0.430639 -0.683817 -1.000000
-0.710025 -1.000000 -1.000000
-0.854706 -1.000000 -0.857409
-0.964437 -0.901054 -0.454132
-0.407927 -0.151054 0.049174
0.340006 0.598946 0.596429
0.729686 0.750000 0.750000
0.000000 0.000000 0.000000
