      69
0.000000 0.000000 0.000000
-0.750000 -0.000000 -0.000000
-1.000000 0.000000 0.000000
-0.671956 -0.000000 -0.000000
0.078044 0.000000 0.000000
0.828044 0.000000 0.000000
1.000000 0.000000 -0.000000
1.000000 -0.000000 0.000000
1.000000 0.000000 -0.000000
1.000000 0.000000 0.000000
1.000000 -0.000000 0.000000
1.000000 -0.000000 -0.000000
0.280891 -0.000000 0.000000
-0.469109 0.000000 -0.000000
-1.000000 0.000000 0.000000
-1.000000 0.000000 -0.000000
-1.000000 0.000000 -0.000000
-1.000000 -0.000000 0.000000
-1.000000 -0.000000 -0.000000
-1.000000 0.000000 0.000000
-1.000000 0.000000 0.000000
-1.000000 0.000000 0.000000
-1.000000 -0.000000 0.000000
-0.397957 0.000000 -0.000000
0.352043 -0.000000 -0.000000
1.000000 -0.000000 0.000000
1.000000 0.000000 -0.000000
1.000000 -0.000000 -0.000000
1.000000 0.000000 0.000000
0.750000 -0.000000 -0.000000
-0.000000 0.000000 0.000000
0.000000 0.000000 0.000000
0.000000 0.000000 0.000000
-0.000000 -0.000000 0.000000
0.000000 0.000000 0.000000
0.000000 -0.000000 -0.000000
0.000000 -0.000000 0.000000
-0.000000 0.000000 0.000000
0.000000 -0.000000 0.000000
0.750000 0.000000 0.000000
1.000000 -0.000000 -0.000000
1.000000 -0.000000 0.000000
1.000000 0.000000 0.000000
1.000000 -0.000000 -0.000000
0.352043 -0.000000 0.000000
-0.397957 -0.000000 0.000000
-1.000000 -0.000000 0.000000
-1.000000 0.000000 -0.000000
-1.000000 -0.000000 0.000000
-1.000000 -0.000000 -0.000000
-1.000000 0.000000 -0.000000
-1.000000 -0.000000 0.000000
-1.000000 0.000000 -0.000000
-1.000000 0.000000 0.000000
-1.000000 0.000000 0.000000
-0.469109 0.000000 -0.000000
0.280891 -0.000000 -0.000000
1.000000 0.000000 -0.000000
1.000000 0.000000 0.000000
1.000000 0.000000 0.000000
1.000000 -0.000000 0.000000
1.000000 0.000000 0.000000
1.000000 -0.000000 -0.000000
0.828044 0.000000 -0.000000
0.078044 -0.000000 0.000000
-0.671956 -0.000000 0.000000
-1.000000 0.000000 -0.000000
-0.750000 -0.000000 0.000000
0.000000 0.000000 0.000000
