      69
0.000000 0.000000 0.000000
-0.661536 0.750111 0.000000
-0.534835 0.845131 -0.000000
-0.531478 0.847246 0.000000
-0.526289 0.850479 -0.000000
-0.518921 0.854995 0.000000
-0.508824 0.861042 0.000000
-0.495120 0.868995 -0.000000
-0.476395 0.879399 0.000000
-0.450239 0.893074 0.000000
-0.412263 0.911227 -0.000000
-0.353694 0.935519 0.000000
-0.254728 0.967166 -0.000000
-0.064315 0.998078 0.000000
0.321667 0.947009 0.000000
0.761879 0.647947 0.000000
0.958136 0.286828 0.000000
1.000000 0.017188 0.000000
0.986695 -0.163490 0.000000
0.958975 -0.284012 0.000000
0.930430 -0.366872 0.000000
0.904829 -0.426122 0.000000
0.882745 -0.470167 0.000000
0.863829 -0.504078 0.000000
0.847535 -0.531018 0.000000
0.833342 -0.553025 0.000000
0.820813 -0.571456 0.000000
0.809582 -0.587259 0.000000
0.799349 -0.601113 0.000000
0.750111 -0.661536 -0.000000
0.000000 0.000000 0.000000
0.000000 0.000000 -0.000000
0.000000 0.000000 -0.000000
0.000000 0.000000 0.000000
0.000000 0.000000 -0.000000
0.000000 0.000000 0.000000
0.000000 0.000000 -0.000000
0.000000 0.000000 -0.000000
0.000000 0.000000 -0.000000
0.661536 -0.750111 0.000000
0.601114 -0.799348 0.000000
0.587259 -0.809581 0.000000
0.571456 -0.820813 0.000000
0.553025 -0.833342 0.000000
0.531021 -0.847533 0.000000
0.504078 -0.863829 0.000000
0.470168 -0.882744 0.000000
0.426124 -0.904828 0.000000
0.366874 -0.930429 0.000000
0.284016 -0.958973 0.000000
0.163486 -0.986695 0.000000
-0.017189 -1.000000 0.000000
-0.286828 -0.958136 0.000000
-0.647944 -0.761882 0.000000
-0.947009 -0.321668 0.000000
-0.998078 0.064314 0.000000
-0.967165 0.254728 0.000000
-0.935519 0.353695 0.000000
-0.911229 0.412258 0.000000
-0.893073 0.450239 0.000000
-0.879398 0.476397 0.000000
-0.868994 0.495121 0.000000
-0.861042 0.508825 0.000000
-0.854995 0.518921 0.000000
-0.850481 0.526287 0.000000
-0.847248 0.531475 0.000000
-0.845133 0.534832 0.000000
-0.750111 0.661536 0.000000
0.000000 0.000000 0.000000
