      69
0.000000 0.000000 0.000000
-0.661442 0.750005 0.000000
-0.439722 0.898141 -0.000000
-0.402174 0.915570 0.000000
-0.331348 0.943515 0.000000
-0.161142 0.986937 -0.000000
0.430332 0.902677 0.000000
0.972115 0.234529 -0.000000
0.969342 -0.245742 -0.000000
0.872500 -0.488627 0.000000
0.784566 -0.620056 0.000000
0.711568 -0.702626 -0.000000
0.646964 -0.762528 0.000000
0.584270 -0.811567 0.000000
0.517405 -0.855748 -0.000000
0.439322 -0.898336 -0.000000
0.339928 -0.940458 -0.000000
0.202962 -0.979193 0.000000
0.003497 -1.000000 0.000000
-0.277375 -0.960768 -0.000000
-0.589681 -0.807644 0.000000
-0.822441 -0.568861 0.000000
-0.944313 -0.329068 0.000000
-0.991423 -0.130737 -0.000000
-0.999749 0.022694 -0.000000
-0.990111 0.140328 0.000000
-0.972704 0.232075 -0.000000
-0.952113 0.305765 0.000000
-0.930176 0.367131 0.000000
-0.750005 0.661442 -0.000000
0.000000 0.000000 0.000000
0.000000 0.000000 -0.000000
0.000000 0.000000 -0.000000
0.000000 0.000000 -0.000000
0.000000 0.000000 0.000000
0.000000 0.000000 -0.000000
0.000000 0.000000 0.000000
0.000000 0.000000 0.000000
0.000000 0.000000 -0.000000
-0.661442 0.750005 0.000000
-0.367131 0.930176 -0.000000
-0.305765 0.952113 0.000000
-0.232075 0.972704 0.000000
-0.140328 0.990111 0.000000
-0.022694 0.999749 0.000000
0.130736 0.991423 -0.000000
0.329068 0.944313 -0.000000
0.568862 0.822441 0.000000
0.807643 0.589682 -0.000000
0.960768 0.277375 0.000000
1.000000 -0.003497 -0.000000
0.979193 -0.202963 -0.000000
0.940458 -0.339928 -0.000000
0.898337 -0.439322 0.000000
0.855748 -0.517405 -0.000000
0.811567 -0.584269 -0.000000
0.762528 -0.646964 0.000000
0.702626 -0.711568 0.000000
0.620055 -0.784566 -0.000000
0.488627 -0.872500 0.000000
0.245742 -0.969342 -0.000000
-0.234529 -0.972115 0.000000
-0.902677 -0.430333 0.000000
-0.986937 0.161142 -0.000000
-0.943515 0.331348 0.000000
-0.915570 0.402174 -0.000000
-0.898141 0.439721 0.000000
-0.750005 0.661442 -0.000000
0.000000 0.000000 0.000000
