     672
0.000000 0.000000 0.000000
0.056423 0.056381 0.012056
0.112847 0.112763 0.024112
0.169270 0.169144 0.036168
0.225693 0.225525 0.048224
0.282116 0.281907 0.060281
0.338540 0.338288 0.072337
0.394963 0.394669 0.084393
0.451386 0.451051 0.096449
0.507809 0.507432 0.108505
0.564233 0.563813 0.120561
0.620656 0.620195 0.132617
0.677079 0.676576 0.144673
0.733503 0.732958 0.156730
0.733503 0.732958 0.156730
0.733503 0.732958 0.156730
0.733503 0.732958 0.156730
0.733503 0.732958 0.156730
0.733503 0.732958 0.156730
0.733503 0.732958 0.156730
0.733503 0.732958 0.156730
0.733503 0.732958 0.156730
0.733503 0.732958 0.156730
0.733503 0.732958 0.156730
0.733503 0.732958 0.156730
0.733503 0.732958 0.156730
0.733503 0.732958 0.156730
0.733503 0.732958 0.156730
0.733503 0.732958 0.156730
0.733503 0.732958 0.156730
0.733503 0.732958 0.156730
0.733503 0.732958 0.156730
0.733503 0.732958 0.156730
0.733503 0.732958 0.156730
0.733503 0.732958 0.156730
0.733503 0.732958 0.156730
0.733503 0.732958 0.156730
0.733503 0.732958 0.156730
0.733503 0.732958 0.156730
0.733503 0.732958 0.156730
0.733503 0.732958 0.156730
0.733503 0.732958 0.156730
0.733503 0.732958 0.156730
0.733503 0.732958 0.156730
0.733503 0.732958 0.156730
0.733503 0.732958 0.156730
0.733503 0.732958 0.156730
0.733503 0.732958 0.156730
0.733503 0.732958 0.156730
0.733503 0.732958 0.156730
0.733503 0.732958 0.156730
0.733503 0.732958 0.156730
0.733503 0.732958 0.156730
0.733503 0.732958 0.156730
0.733503 0.732958 0.156730
0.733503 0.732958 0.156730
0.733503 0.732958 0.156730
0.733503 0.732958 0.156730
0.733503 0.732958 0.156730
0.733503 0.732958 0.156730
0.733503 0.732958 0.156730
0.733503 0.732958 0.156730
0.733503 0.732958 0.156730
0.733503 0.732958 0.156730
0.733503 0.732958 0.156730
0.733503 0.732958 0.156730
0.733503 0.732958 0.156730
0.733503 0.732958 0.156730
0.733503 0.732958 0.156730
0.733503 0.732958 0.156730
0.733503 0.732958 0.156730
0.733503 0.732958 0.156730
0.733503 0.732958 0.156730
0.733503 0.732958 0.156730
0.733503 0.732958 0.156730
0.733503 0.732958 0.156730
0.733503 0.732958 0.156730
0.733503 0.732958 0.156730
0.733503 0.732958 0.156730
0.733503 0.732958 0.156730
0.733503 0.732958 0.156730
0.733503 0.732958 0.156730
0.733503 0.732958 0.156730
0.733503 0.732958 0.156730
0.733503 0.732958 0.156730
0.733503 0.732958 0.156730
0.733503 0.732958 0.156730
0.733503 0.732958 0.156730
0.733503 0.732958 0.156730
0.733503 0.732958 0.156730
0.733503 0.732958 0.156730
0.733503 0.732958 0.156730
0.733503 0.732958 0.156730
0.733503 0.732958 0.156730
0.733503 0.732958 0.156730
0.733503 0.732958 0.156730
0.733503 0.732958 0.156730
0.733503 0.732958 0.156730
0.733503 0.732958 0.156730
0.733503 0.732958 0.156730
0.733503 0.732958 0.156730
0.733503 0.732958 0.156730
0.733503 0.732958 0.156730
0.733503 0.732958 0.156730
0.733503 0.732958 0.156730
0.733503 0.732958 0.156730
0.733503 0.732958 0.156730
0.733503 0.732958 0.156730
0.733503 0.732958 0.156730
0.733503 0.732958 0.156730
0.733503 0.732958 0.156730
0.733503 0.732958 0.156730
0.733503 0.732958 0.156730
0.733503 0.732958 0.156730
0.733503 0.732958 0.156730
0.733503 0.732958 0.156730
0.733503 0.732958 0.156730
0.733503 0.732958 0.156730
0.733503 0.732958 0.156730
0.733503 0.732958 0.156730
0.733503 0.732958 0.156730
0.667108 0.676602 0.166675
0.600714 0.620246 0.176620
0.534320 0.563890 0.186566
0.467926 0.507535 0.196511
0.401532 0.451179 0.206456
0.335137 0.394823 0.216402
0.268743 0.338467 0.226347
0.202349 0.282112 0.236292
0.135955 0.225756 0.246238
0.069560 0.169400 0.256183
0.003166 0.113044 0.266128
-0.063228 0.056689 0.276074
-0.129622 0.000333 0.286019
-0.196574 -0.056497 0.296048
-0.263526 -0.113326 0.306077
-0.330479 -0.170155 0.316106
-0.397431 -0.226984 0.326135
-0.464383 -0.283814 0.336163
-0.531335 -0.340643 0.346192
-0.598287 -0.397472 0.356221
-0.665239 -0.454302 0.366250
-0.732191 -0.511131 0.376279
-0.799144 -0.567960 0.386308
-0.866096 -0.624790 0.396337
-0.933048 -0.681619 0.406366
-1.000000 -0.738448 0.416395
-1.000000 -0.738448 0.416395
-1.000000 -0.738448 0.416395
-1.000000 -0.738448 0.416395
-1.000000 -0.738448 0.416395
-1.000000 -0.738448 0.416395
-1.000000 -0.738448 0.416395
-1.000000 -0.738448 0.416395
-1.000000 -0.738448 0.416395
-1.000000 -0.738448 0.416395
-1.000000 -0.738448 0.416395
-1.000000 -0.738448 0.416395
-1.000000 -0.738448 0.416395
-1.000000 -0.738448 0.416395
-1.000000 -0.738448 0.416395
-1.000000 -0.738448 0.416395
-1.000000 -0.738448 0.416395
-1.000000 -0.738448 0.416395
-1.000000 -0.738448 0.416395
-1.000000 -0.738448 0.416395
-1.000000 -0.738448 0.416395
-1.000000 -0.738448 0.416395
-1.000000 -0.738448 0.416395
-1.000000 -0.738448 0.416395
-1.000000 -0.738448 0.416395
-1.000000 -0.738448 0.416395
-1.000000 -0.738448 0.416395
-1.000000 -0.738448 0.416395
-1.000000 -0.738448 0.416395
-1.000000 -0.738448 0.416395
-1.000000 -0.738448 0.416395
-1.000000 -0.738448 0.416395
-1.000000 -0.738448 0.416395
-1.000000 -0.738448 0.416395
-1.000000 -0.738448 0.416395
-1.000000 -0.738448 0.416395
-1.000000 -0.738448 0.416395
-1.000000 -0.738448 0.416395
-1.000000 -0.738448 0.416395
-1.000000 -0.738448 0.416395
-1.000000 -0.738448 0.416395
-1.000000 -0.738448 0.416395
-1.000000 -0.738448 0.416395
-1.000000 -0.738448 0.416395
-1.000000 -0.738448 0.416395
-1.000000 -0.738448 0.416395
-1.000000 -0.738448 0.416395
-1.000000 -0.738448 0.416395
-1.000000 -0.738448 0.416395
-1.000000 -0.738448 0.416395
-1.000000 -0.738448 0.416395
-1.000000 -0.738448 0.416395
-1.000000 -0.738448 0.416395
-1.000000 -0.738448 0.416395
-1.000000 -0.738448 0.416395
-1.000000 -0.738448 0.416395
-1.000000 -0.738448 0.416395
-1.000000 -0.738448 0.416395
-1.000000 -0.738448 0.416395
-1.000000 -0.738448 0.416395
-1.000000 -0.738448 0.416395
-1.000000 -0.738448 0.416395
-1.000000 -0.738448 0.416395
-1.000000 -0.738448 0.416395
-1.000000 -0.738448 0.416395
-1.000000 -0.738448 0.416395
-1.000000 -0.738448 0.416395
-1.000000 -0.738448 0.416395
-1.000000 -0.738448 0.416395
-1.000000 -0.738448 0.416395
-1.000000 -0.738448 0.416395
-1.000000 -0.738448 0.416395
-1.000000 -0.738448 0.416395
-1.000000 -0.738448 0.416395
-1.000000 -0.738448 0.416395
-1.000000 -0.738448 0.416395
-1.000000 -0.738448 0.416395
-1.000000 -0.738448 0.416395
-1.000000 -0.738448 0.416395
-1.000000 -0.738448 0.416395
-1.000000 -0.738448 0.416395
-1.000000 -0.738448 0.416395
-1.000000 -0.738448 0.416395
-1.000000 -0.738448 0.416395
-1.000000 -0.738448 0.416395
-1.000000 -0.738448 0.416395
-1.000000 -0.738448 0.416395
-1.000000 -0.738448 0.416395
-1.000000 -0.738448 0.416395
-1.000000 -0.738448 0.416395
-1.000000 -0.738448 0.416395
-1.000000 -0.738448 0.416395
-1.000000 -0.738448 0.416395
-1.000000 -0.738448 0.416395
-1.000000 -0.738448 0.416395
-1.000000 -0.738448 0.416395
-1.000000 -0.738448 0.416395
-1.000000 -0.738448 0.416395
-1.000000 -0.738448 0.416395
-1.000000 -0.738448 0.416395
-1.000000 -0.738448 0.416395
-1.000000 -0.738448 0.416395
-1.000000 -0.738448 0.416395
-1.000000 -0.738448 0.416395
-1.000000 -0.738448 0.416395
-1.000000 -0.738448 0.416395
-1.000000 -0.738448 0.416395
-0.933048 -0.681619 0.406366
-0.856125 -0.624815 0.374335
-0.779202 -0.568012 0.342305
-0.702279 -0.511208 0.310275
-0.625356 -0.454404 0.278244
-0.548432 -0.397600 0.246214
-0.471509 -0.340797 0.214184
-0.394586 -0.283993 0.182153
-0.317663 -0.227189 0.150123
-0.240740 -0.170386 0.118093
-0.163817 -0.113582 0.086062
-0.086894 -0.056778 0.054032
-0.009971 0.000026 0.022001
0.000000 0.000000 0.000000
0.000000 0.000000 0.000000
0.000000 0.000000 0.000000
0.000000 0.000000 0.000000
0.000000 0.000000 0.000000
0.000000 0.000000 0.000000
0.000000 0.000000 0.000000
0.000000 0.000000 0.000000
0.000000 0.000000 0.000000
0.000000 0.000000 0.000000
0.000000 0.000000 0.000000
0.000000 0.000000 0.000000
0.000000 0.000000 0.000000
0.000000 0.000000 0.000000
0.000000 0.000000 0.000000
0.000000 0.000000 0.000000
0.000000 0.000000 0.000000
0.000000 0.000000 0.000000
0.000000 0.000000 0.000000
0.000000 0.000000 0.000000
0.000000 0.000000 0.000000
0.000000 0.000000 0.000000
0.000000 0.000000 0.000000
0.000000 0.000000 0.000000
0.000000 0.000000 0.000000
0.000000 0.000000 0.000000
0.000000 0.000000 0.000000
0.000000 0.000000 0.000000
0.000000 0.000000 0.000000
0.000000 0.000000 0.000000
0.000000 0.000000 0.000000
0.000000 0.000000 0.000000
0.000000 0.000000 0.000000
0.000000 0.000000 0.000000
0.000000 0.000000 0.000000
0.000000 0.000000 0.000000
0.000000 0.000000 0.000000
0.000000 0.000000 0.000000
0.000000 0.000000 0.000000
0.000000 0.000000 0.000000
0.000000 0.000000 0.000000
0.000000 0.000000 0.000000
0.000000 0.000000 0.000000
0.000000 0.000000 0.000000
0.000000 0.000000 0.000000
0.000000 0.000000 0.000000
0.000000 0.000000 0.000000
0.000000 0.000000 0.000000
0.000000 0.000000 0.000000
0.000000 0.000000 0.000000
0.000000 0.000000 0.000000
0.000000 0.000000 0.000000
0.000000 0.000000 0.000000
0.000000 0.000000 0.000000
0.000000 0.000000 0.000000
0.000000 0.000000 0.000000
0.000000 0.000000 0.000000
0.000000 0.000000 0.000000
0.000000 0.000000 0.000000
0.000000 0.000000 0.000000
0.000000 0.000000 0.000000
0.000000 0.000000 0.000000
0.000000 0.000000 0.000000
0.000000 0.000000 0.000000
0.000000 0.000000 0.000000
0.000000 0.000000 0.000000
0.000000 0.000000 0.000000
0.000000 0.000000 0.000000
0.000000 0.000000 0.000000
0.000000 0.000000 0.000000
0.000000 0.000000 0.000000
0.000000 0.000000 0.000000
0.000000 0.000000 0.000000
0.000000 0.000000 0.000000
0.000000 0.000000 0.000000
0.000000 0.000000 0.000000
0.000000 0.000000 0.000000
0.000000 0.000000 0.000000
0.000000 0.000000 0.000000
0.000000 0.000000 0.000000
0.000000 0.000000 0.000000
0.000000 0.000000 0.000000
0.000000 0.000000 0.000000
0.000000 0.000000 0.000000
0.000000 0.000000 0.000000
0.000000 0.000000 0.000000
0.000000 0.000000 0.000000
0.000000 0.000000 0.000000
0.000000 0.000000 0.000000
0.000000 0.000000 0.000000
0.000000 0.000000 0.000000
0.000000 0.000000 0.000000
0.000000 0.000000 0.000000
0.000000 0.000000 0.000000
0.000000 0.000000 0.000000
0.000000 0.000000 0.000000
0.000000 0.000000 0.000000
0.000000 0.000000 0.000000
0.000000 0.000000 0.000000
0.000000 0.000000 0.000000
0.000000 0.000000 0.000000
0.000000 0.000000 0.000000
0.000000 0.000000 0.000000
0.000000 0.000000 0.000000
0.000000 0.000000 0.000000
0.000000 0.000000 0.000000
0.000000 0.000000 0.000000
0.000000 0.000000 0.000000
0.000000 0.000000 0.000000
0.000000 0.000000 0.000000
0.000000 0.000000 0.000000
0.000000 0.000000 0.000000
0.000000 0.000000 0.000000
0.000000 0.000000 0.000000
0.000000 0.000000 0.000000
0.000000 0.000000 0.000000
0.000000 0.000000 0.000000
0.000000 0.000000 0.000000
0.000000 0.000000 0.000000
0.000000 0.000000 0.000000
0.000000 0.000000 0.000000
0.000000 0.000000 0.000000
0.000000 0.000000 0.000000
0.000000 0.000000 0.000000
0.000000 0.000000 0.000000
0.000000 0.000000 0.000000
0.000000 0.000000 0.000000
0.000000 0.000000 0.000000
0.000000 0.000000 0.000000
0.000000 0.000000 0.000000
0.000000 0.000000 0.000000
0.000000 0.000000 0.000000
0.000000 0.000000 0.000000
0.000000 0.000000 0.000000
0.000000 0.000000 0.000000
0.000000 0.000000 0.000000
0.000000 0.000000 0.000000
0.000000 0.000000 0.000000
0.000000 0.000000 0.000000
0.000000 0.000000 0.000000
0.000000 0.000000 0.000000
0.076417 -0.056433 -0.031998
0.152833 -0.112866 -0.063996
0.229250 -0.169299 -0.095994
0.305667 -0.225732 -0.127992
0.382083 -0.282164 -0.159990
0.458500 -0.338597 -0.191988
0.534917 -0.395030 -0.223986
0.611334 -0.451463 -0.255984
0.687750 -0.507896 -0.287982
0.764167 -0.564329 -0.319980
0.840584 -0.620762 -0.351978
0.917000 -0.677195 -0.383976
0.993417 -0.733628 -0.415974
0.993417 -0.733628 -0.415974
0.993417 -0.733628 -0.415974
0.993417 -0.733628 -0.415974
0.993417 -0.733628 -0.415974
0.993417 -0.733628 -0.415974
0.993417 -0.733628 -0.415974
0.993417 -0.733628 -0.415974
0.993417 -0.733628 -0.415974
0.993417 -0.733628 -0.415974
0.993417 -0.733628 -0.415974
0.993417 -0.733628 -0.415974
0.993417 -0.733628 -0.415974
0.993417 -0.733628 -0.415974
0.993417 -0.733628 -0.415974
0.993417 -0.733628 -0.415974
0.993417 -0.733628 -0.415974
0.993417 -0.733628 -0.415974
0.993417 -0.733628 -0.415974
0.993417 -0.733628 -0.415974
0.993417 -0.733628 -0.415974
0.993417 -0.733628 -0.415974
0.993417 -0.733628 -0.415974
0.993417 -0.733628 -0.415974
0.993417 -0.733628 -0.415974
0.993417 -0.733628 -0.415974
0.993417 -0.733628 -0.415974
0.993417 -0.733628 -0.415974
0.993417 -0.733628 -0.415974
0.993417 -0.733628 -0.415974
0.993417 -0.733628 -0.415974
0.993417 -0.733628 -0.415974
0.993417 -0.733628 -0.415974
0.993417 -0.733628 -0.415974
0.993417 -0.733628 -0.415974
0.993417 -0.733628 -0.415974
0.993417 -0.733628 -0.415974
0.993417 -0.733628 -0.415974
0.993417 -0.733628 -0.415974
0.993417 -0.733628 -0.415974
0.993417 -0.733628 -0.415974
0.993417 -0.733628 -0.415974
0.993417 -0.733628 -0.415974
0.993417 -0.733628 -0.415974
0.993417 -0.733628 -0.415974
0.993417 -0.733628 -0.415974
0.993417 -0.733628 -0.415974
0.993417 -0.733628 -0.415974
0.993417 -0.733628 -0.415974
0.993417 -0.733628 -0.415974
0.993417 -0.733628 -0.415974
0.993417 -0.733628 -0.415974
0.993417 -0.733628 -0.415974
0.993417 -0.733628 -0.415974
0.993417 -0.733628 -0.415974
0.993417 -0.733628 -0.415974
0.993417 -0.733628 -0.415974
0.993417 -0.733628 -0.415974
0.993417 -0.733628 -0.415974
0.993417 -0.733628 -0.415974
0.993417 -0.733628 -0.415974
0.993417 -0.733628 -0.415974
0.993417 -0.733628 -0.415974
0.993417 -0.733628 -0.415974
0.993417 -0.733628 -0.415974
0.993417 -0.733628 -0.415974
0.993417 -0.733628 -0.415974
0.993417 -0.733628 -0.415974
0.993417 -0.733628 -0.415974
0.993417 -0.733628 -0.415974
0.993417 -0.733628 -0.415974
0.993417 -0.733628 -0.415974
0.993417 -0.733628 -0.415974
0.993417 -0.733628 -0.415974
0.993417 -0.733628 -0.415974
0.993417 -0.733628 -0.415974
0.993417 -0.733628 -0.415974
0.993417 -0.733628 -0.415974
0.993417 -0.733628 -0.415974
0.993417 -0.733628 -0.415974
0.993417 -0.733628 -0.415974
0.993417 -0.733628 -0.415974
0.993417 -0.733628 -0.415974
0.993417 -0.733628 -0.415974
0.993417 -0.733628 -0.415974
0.993417 -0.733628 -0.415974
0.993417 -0.733628 -0.415974
0.993417 -0.733628 -0.415974
0.993417 -0.733628 -0.415974
0.993417 -0.733628 -0.415974
0.993417 -0.733628 -0.415974
0.993417 -0.733628 -0.415974
0.993417 -0.733628 -0.415974
0.993417 -0.733628 -0.415974
0.993417 -0.733628 -0.415974
0.993417 -0.733628 -0.415974
0.993417 -0.733628 -0.415974
0.993417 -0.733628 -0.415974
0.993417 -0.733628 -0.415974
0.993417 -0.733628 -0.415974
0.993417 -0.733628 -0.415974
0.993417 -0.733628 -0.415974
0.993417 -0.733628 -0.415974
0.993417 -0.733628 -0.415974
0.993417 -0.733628 -0.415974
0.993417 -0.733628 -0.415974
0.993417 -0.733628 -0.415974
0.993417 -0.733628 -0.415974
0.926971 -0.677220 -0.405977
0.860525 -0.620813 -0.395981
0.794080 -0.564406 -0.385984
0.727634 -0.507998 -0.375988
0.661188 -0.451591 -0.365991
0.594742 -0.395184 -0.355995
0.528297 -0.338777 -0.345998
0.461851 -0.282369 -0.336002
0.395405 -0.225962 -0.326005
0.328959 -0.169555 -0.316008
0.262514 -0.113147 -0.306012
0.196068 -0.056740 -0.296015
0.129622 -0.000333 -0.286019
0.062618 0.056548 -0.275938
-0.004386 0.113430 -0.265858
-0.071390 0.170311 -0.255777
-0.138394 0.227192 -0.245697
-0.205398 0.284074 -0.235616
-0.272403 0.340955 -0.225536
-0.339407 0.397836 -0.215455
-0.406411 0.454718 -0.205375
-0.473415 0.511599 -0.195294
-0.540419 0.568480 -0.185214
-0.607423 0.625362 -0.175133
-0.674427 0.682243 -0.165052
-0.741431 0.739124 -0.154972
-0.741431 0.739124 -0.154972
-0.741431 0.739124 -0.154972
-0.741431 0.739124 -0.154972
-0.741431 0.739124 -0.154972
-0.741431 0.739124 -0.154972
-0.741431 0.739124 -0.154972
-0.741431 0.739124 -0.154972
-0.741431 0.739124 -0.154972
-0.741431 0.739124 -0.154972
-0.741431 0.739124 -0.154972
-0.741431 0.739124 -0.154972
-0.741431 0.739124 -0.154972
-0.741431 0.739124 -0.154972
-0.741431 0.739124 -0.154972
-0.741431 0.739124 -0.154972
-0.741431 0.739124 -0.154972
-0.741431 0.739124 -0.154972
-0.741431 0.739124 -0.154972
-0.741431 0.739124 -0.154972
-0.741431 0.739124 -0.154972
-0.741431 0.739124 -0.154972
-0.741431 0.739124 -0.154972
-0.741431 0.739124 -0.154972
-0.741431 0.739124 -0.154972
-0.741431 0.739124 -0.154972
-0.741431 0.739124 -0.154972
-0.741431 0.739124 -0.154972
-0.741431 0.739124 -0.154972
-0.741431 0.739124 -0.154972
-0.741431 0.739124 -0.154972
-0.741431 0.739124 -0.154972
-0.741431 0.739124 -0.154972
-0.741431 0.739124 -0.154972
-0.741431 0.739124 -0.154972
-0.741431 0.739124 -0.154972
-0.741431 0.739124 -0.154972
-0.741431 0.739124 -0.154972
-0.741431 0.739124 -0.154972
-0.741431 0.739124 -0.154972
-0.741431 0.739124 -0.154972
-0.741431 0.739124 -0.154972
-0.741431 0.739124 -0.154972
-0.741431 0.739124 -0.154972
-0.741431 0.739124 -0.154972
-0.741431 0.739124 -0.154972
-0.741431 0.739124 -0.154972
-0.741431 0.739124 -0.154972
-0.741431 0.739124 -0.154972
-0.741431 0.739124 -0.154972
-0.741431 0.739124 -0.154972
-0.741431 0.739124 -0.154972
-0.741431 0.739124 -0.154972
-0.741431 0.739124 -0.154972
-0.741431 0.739124 -0.154972
-0.741431 0.739124 -0.154972
-0.741431 0.739124 -0.154972
-0.741431 0.739124 -0.154972
-0.741431 0.739124 -0.154972
-0.741431 0.739124 -0.154972
-0.741431 0.739124 -0.154972
-0.741431 0.739124 -0.154972
-0.741431 0.739124 -0.154972
-0.741431 0.739124 -0.154972
-0.741431 0.739124 -0.154972
-0.741431 0.739124 -0.154972
-0.741431 0.739124 -0.154972
-0.741431 0.739124 -0.154972
-0.741431 0.739124 -0.154972
-0.741431 0.739124 -0.154972
-0.741431 0.739124 -0.154972
-0.741431 0.739124 -0.154972
-0.741431 0.739124 -0.154972
-0.741431 0.739124 -0.154972
-0.741431 0.739124 -0.154972
-0.741431 0.739124 -0.154972
-0.741431 0.739124 -0.154972
-0.741431 0.739124 -0.154972
-0.741431 0.739124 -0.154972
-0.741431 0.739124 -0.154972
-0.741431 0.739124 -0.154972
-0.741431 0.739124 -0.154972
-0.741431 0.739124 -0.154972
-0.741431 0.739124 -0.154972
-0.741431 0.739124 -0.154972
-0.741431 0.739124 -0.154972
-0.741431 0.739124 -0.154972
-0.741431 0.739124 -0.154972
-0.741431 0.739124 -0.154972
-0.741431 0.739124 -0.154972
-0.741431 0.739124 -0.154972
-0.741431 0.739124 -0.154972
-0.741431 0.739124 -0.154972
-0.741431 0.739124 -0.154972
-0.741431 0.739124 -0.154972
-0.741431 0.739124 -0.154972
-0.741431 0.739124 -0.154972
-0.741431 0.739124 -0.154972
-0.741431 0.739124 -0.154972
-0.741431 0.739124 -0.154972
-0.741431 0.739124 -0.154972
-0.741431 0.739124 -0.154972
-0.741431 0.739124 -0.154972
-0.741431 0.739124 -0.154972
-0.741431 0.739124 -0.154972
-0.741431 0.739124 -0.154972
-0.741431 0.739124 -0.154972
-0.674427 0.682243 -0.165052
-0.617394 0.625387 -0.153132
-0.560361 0.568531 -0.141211
-0.503328 0.511676 -0.129290
-0.446295 0.454820 -0.117369
-0.389261 0.397964 -0.105448
-0.332228 0.341109 -0.093527
-0.275195 0.284253 -0.081606
-0.218162 0.227397 -0.069685
-0.161129 0.170542 -0.057764
-0.104095 0.113686 -0.045843
-0.047062 0.056830 -0.033922
0.009971 -0.000026 -0.022001
