    1022
0.000000 0.000000 0.000000
0.066915 0.066826 0.052719
0.133829 0.133652 0.105439
0.200744 0.200477 0.158158
0.267658 0.267303 0.210878
0.334573 0.334129 0.263597
0.401487 0.400955 0.316317
0.468402 0.467780 0.369036
0.535316 0.534606 0.421756
0.602231 0.601432 0.474475
0.669145 0.668258 0.527195
0.736060 0.735084 0.579914
0.802974 0.801909 0.632634
0.869889 0.868735 0.685353
0.869889 0.868735 0.685353
0.869889 0.868735 0.685353
0.869889 0.868735 0.685353
0.869889 0.868735 0.685353
0.869889 0.868735 0.685353
0.869889 0.868735 0.685353
0.869889 0.868735 0.685353
0.869889 0.868735 0.685353
0.869889 0.868735 0.685353
0.869889 0.868735 0.685353
0.869889 0.868735 0.685353
0.869889 0.868735 0.685353
0.869889 0.868735 0.685353
0.869889 0.868735 0.685353
0.869889 0.868735 0.685353
0.869889 0.868735 0.685353
0.869889 0.868735 0.685353
0.869889 0.868735 0.685353
0.869889 0.868735 0.685353
0.869889 0.868735 0.685353
0.869889 0.868735 0.685353
0.869889 0.868735 0.685353
0.869889 0.868735 0.685353
0.869889 0.868735 0.685353
0.869889 0.868735 0.685353
0.869889 0.868735 0.685353
0.869889 0.868735 0.685353
0.869889 0.868735 0.685353
0.869889 0.868735 0.685353
0.869889 0.868735 0.685353
0.869889 0.868735 0.685353
0.869889 0.868735 0.685353
0.869889 0.868735 0.685353
0.869889 0.868735 0.685353
0.869889 0.868735 0.685353
0.869889 0.868735 0.685353
0.869889 0.868735 0.685353
0.869889 0.868735 0.685353
0.869889 0.868735 0.685353
0.869889 0.868735 0.685353
0.869889 0.868735 0.685353
0.869889 0.868735 0.685353
0.869889 0.868735 0.685353
0.869889 0.868735 0.685353
0.869889 0.868735 0.685353
0.869889 0.868735 0.685353
0.869889 0.868735 0.685353
0.869889 0.868735 0.685353
0.802974 0.801820 0.685442
0.736060 0.734906 0.685531
0.669145 0.667991 0.685620
0.602231 0.601076 0.685709
0.535316 0.534161 0.685798
0.468402 0.467247 0.685887
0.401487 0.400332 0.685976
0.334573 0.333417 0.686065
0.267658 0.266502 0.686154
0.200744 0.199587 0.686243
0.133829 0.132673 0.686332
0.066915 0.065758 0.686421
0.000000 -0.001157 0.686510
-0.076834 -0.077991 0.686612
-0.153668 -0.154825 0.686714
-0.230501 -0.231659 0.686817
-0.307335 -0.308493 0.686919
-0.384169 -0.385327 0.687021
-0.461003 -0.462161 0.687123
-0.537837 -0.538996 0.687225
-0.614670 -0.615830 0.687328
-0.691504 -0.692664 0.687430
-0.768338 -0.769498 0.687532
-0.845172 -0.846332 0.687634
-0.922006 -0.923166 0.687736
-0.998839 -1.000000 0.687839
-0.998839 -1.000000 0.687839
-0.998839 -1.000000 0.687839
-0.998839 -1.000000 0.687839
-0.998839 -1.000000 0.687839
-0.998839 -1.000000 0.687839
-0.998839 -1.000000 0.687839
-0.998839 -1.000000 0.687839
-0.998839 -1.000000 0.687839
-0.998839 -1.000000 0.687839
-0.998839 -1.000000 0.687839
-0.998839 -0.999911 0.635030
-0.998839 -0.999822 0.582222
-0.998839 -0.999733 0.529413
-0.998839 -0.999644 0.476605
-0.998839 -0.999555 0.423796
-0.998839 -0.999466 0.370988
-0.998839 -0.999377 0.318179
-0.998839 -0.999288 0.265371
-0.998839 -0.999199 0.212562
-0.998839 -0.999110 0.159754
-0.998839 -0.999021 0.106945
-0.998839 -0.998932 0.054137
-0.998839 -0.998843 0.001328
-0.998839 -0.998760 -0.048164
-0.998839 -0.998676 -0.097655
-0.998839 -0.998593 -0.147147
-0.998839 -0.998509 -0.196639
-0.998839 -0.998426 -0.246131
-0.998839 -0.998343 -0.295623
-0.998839 -0.998259 -0.345115
-0.998839 -0.998176 -0.394607
-0.998839 -0.998092 -0.444099
-0.998839 -0.998009 -0.493591
-0.998839 -0.997926 -0.543083
-0.998839 -0.997842 -0.592575
-0.998839 -0.997759 -0.642067
-0.998839 -0.997759 -0.642067
-0.998839 -0.997759 -0.642067
-0.998839 -0.997759 -0.642067
-0.998839 -0.997759 -0.642067
-0.998839 -0.997759 -0.642067
-0.998839 -0.997759 -0.642067
-0.998839 -0.997759 -0.642067
-0.998839 -0.997759 -0.642067
-0.998839 -0.997759 -0.642067
-0.998839 -0.997759 -0.642067
-0.998839 -0.997759 -0.642067
-0.998839 -0.997759 -0.642067
-0.998839 -0.997759 -0.642067
-0.998839 -0.997759 -0.642067
-0.998839 -0.997759 -0.642067
-0.998839 -0.997759 -0.642067
-0.998839 -0.997759 -0.642067
-0.998839 -0.997759 -0.642067
-0.998839 -0.997759 -0.642067
-0.998839 -0.997759 -0.642067
-0.998839 -0.997759 -0.642067
-0.998839 -0.997759 -0.642067
-0.998839 -0.997759 -0.642067
-0.998839 -0.997759 -0.642067
-0.998839 -0.997759 -0.642067
-0.998839 -0.997759 -0.642067
-0.998839 -0.997759 -0.642067
-0.998839 -0.997759 -0.642067
-0.998839 -0.997759 -0.642067
-0.998839 -0.997759 -0.642067
-0.998839 -0.997759 -0.642067
-0.998839 -0.997759 -0.642067
-0.998839 -0.997759 -0.642067
-0.998839 -0.997759 -0.642067
-0.998839 -0.997759 -0.642067
-0.998839 -0.997759 -0.642067
-0.998839 -0.997759 -0.642067
-0.998839 -0.997759 -0.642067
-0.998839 -0.997759 -0.642067
-0.998839 -0.997759 -0.642067
-0.998839 -0.997759 -0.642067
-0.998839 -0.997759 -0.642067
-0.998839 -0.997759 -0.642067
-0.998839 -0.997759 -0.642067
-0.998839 -0.997759 -0.642067
-0.998839 -0.997759 -0.642067
-0.998839 -0.997759 -0.642067
-0.998839 -0.997759 -0.642067
-0.998839 -0.997759 -0.642067
-0.998839 -0.997759 -0.642067
-0.998839 -0.997759 -0.642067
-0.998839 -0.997759 -0.642067
-0.998839 -0.997759 -0.642067
-0.998839 -0.997759 -0.642067
-0.998839 -0.997759 -0.642067
-0.998839 -0.997759 -0.642067
-0.998839 -0.997759 -0.642067
-0.998839 -0.997759 -0.642067
-0.998839 -0.997759 -0.642067
-0.998839 -0.997759 -0.642067
-0.998839 -0.997759 -0.642067
-0.998839 -0.997759 -0.642067
-0.998839 -0.997759 -0.642067
-0.998839 -0.997759 -0.642067
-0.998839 -0.997759 -0.642067
-0.998839 -0.997759 -0.642067
-0.998839 -0.997759 -0.642067
-0.998839 -0.997759 -0.642067
-0.998839 -0.997759 -0.642067
-0.998839 -0.997759 -0.642067
-0.998839 -0.997759 -0.642067
-0.998839 -0.997759 -0.642067
-0.998839 -0.997759 -0.642067
-0.998839 -0.997759 -0.642067
-0.998839 -0.997759 -0.642067
-0.998839 -0.997759 -0.642067
-0.998839 -0.997759 -0.642067
-0.998839 -0.997759 -0.642067
-0.998839 -0.997759 -0.642067
-0.998839 -0.997759 -0.642067
-0.998839 -0.997759 -0.642067
-0.998839 -0.997759 -0.642067
-0.998839 -0.997759 -0.642067
-0.998839 -0.997759 -0.642067
-0.922006 -0.920925 -0.642170
-0.845172 -0.844091 -0.642272
-0.768338 -0.767256 -0.642374
-0.691504 -0.690422 -0.642476
-0.614670 -0.613588 -0.642578
-0.537837 -0.536754 -0.642681
-0.461003 -0.459920 -0.642783
-0.384169 -0.383086 -0.642885
-0.307335 -0.306252 -0.642987
-0.230501 -0.229418 -0.643089
-0.153668 -0.152584 -0.643192
-0.076834 -0.075750 -0.643294
-0.000000 0.001084 -0.643396
0.076335 0.077419 -0.643497
0.152669 0.153754 -0.643599
0.229004 0.230089 -0.643700
0.305338 0.306424 -0.643802
0.381673 0.382759 -0.643904
0.458007 0.459093 -0.644005
0.534342 0.535428 -0.644107
0.610677 0.611763 -0.644208
0.687011 0.688098 -0.644310
0.763346 0.764433 -0.644411
0.839680 0.840768 -0.644513
0.916015 0.917103 -0.644614
0.992350 0.993437 -0.644716
0.992350 0.993437 -0.644716
0.992350 0.993437 -0.644716
0.992350 0.993437 -0.644716
0.992350 0.993437 -0.644716
0.992350 0.993437 -0.644716
0.992350 0.993437 -0.644716
0.992350 0.993437 -0.644716
0.992350 0.993437 -0.644716
0.992350 0.993437 -0.644716
0.992350 0.993437 -0.644716
0.992350 0.993437 -0.644716
0.992350 0.993437 -0.644716
0.992350 0.993437 -0.644716
0.992350 0.993437 -0.644716
0.992350 0.993437 -0.644716
0.992350 0.993437 -0.644716
0.992350 0.993437 -0.644716
0.992350 0.993437 -0.644716
0.992350 0.993437 -0.644716
0.992350 0.993437 -0.644716
0.992350 0.993437 -0.644716
0.992350 0.993437 -0.644716
0.992350 0.993437 -0.644716
0.992350 0.993437 -0.644716
0.992350 0.993437 -0.644716
0.992350 0.993437 -0.644716
0.992350 0.993437 -0.644716
0.992350 0.993437 -0.644716
0.992350 0.993437 -0.644716
0.992350 0.993437 -0.644716
0.992350 0.993437 -0.644716
0.992350 0.993437 -0.644716
0.992350 0.993437 -0.644716
0.992350 0.993437 -0.644716
0.992350 0.993437 -0.644716
0.992350 0.993437 -0.644716
0.992350 0.993437 -0.644716
0.992350 0.993437 -0.644716
0.992350 0.993437 -0.644716
0.992350 0.993437 -0.644716
0.992350 0.993437 -0.644716
0.992350 0.993437 -0.644716
0.992350 0.993437 -0.644716
0.992350 0.993437 -0.644716
0.992350 0.993437 -0.644716
0.992350 0.993437 -0.644716
0.992350 0.993437 -0.644716
0.992350 0.993437 -0.644716
0.992350 0.993437 -0.644716
0.992350 0.993437 -0.644716
0.992350 0.993437 -0.644716
0.992350 0.993437 -0.644716
0.992350 0.993437 -0.644716
0.992350 0.993437 -0.644716
0.992350 0.993437 -0.644716
0.992350 0.993437 -0.644716
0.992350 0.993437 -0.644716
0.992350 0.993437 -0.644716
0.992350 0.993437 -0.644716
0.992350 0.993437 -0.644716
0.992350 0.993437 -0.644716
0.992350 0.993437 -0.644716
0.992350 0.993437 -0.644716
0.992350 0.993437 -0.644716
0.992350 0.993437 -0.644716
0.992350 0.993437 -0.644716
0.992350 0.993437 -0.644716
0.992350 0.993437 -0.644716
0.992350 0.993437 -0.644716
0.992350 0.993437 -0.644716
0.992350 0.993437 -0.644716
0.992350 0.993437 -0.644716
0.992350 0.993437 -0.644716
0.992350 0.993437 -0.644716
0.992350 0.993437 -0.644716
0.992350 0.993437 -0.644716
0.992350 0.993437 -0.644716
0.992350 0.993437 -0.644716
0.992350 0.993437 -0.644716
0.992350 0.993437 -0.644716
0.992350 0.993437 -0.644716
0.992350 0.993437 -0.644716
0.992350 0.993437 -0.644716
0.992350 0.993437 -0.644716
0.992350 0.993354 -0.595224
0.992350 0.993271 -0.545732
0.992350 0.993187 -0.496240
0.992350 0.993104 -0.446748
0.992350 0.993020 -0.397256
0.992350 0.992937 -0.347764
0.992350 0.992854 -0.298272
0.992350 0.992770 -0.248780
0.992350 0.992687 -0.199288
0.992350 0.992603 -0.149796
0.992350 0.992520 -0.100304
0.992350 0.992437 -0.050812
0.992350 0.992353 -0.001320
0.992350 0.992264 0.051489
0.992350 0.992175 0.104297
0.992350 0.992086 0.157106
0.992350 0.991997 0.209914
0.992350 0.991908 0.262722
0.992350 0.991819 0.315531
0.992350 0.991730 0.368339
0.992350 0.991641 0.421148
0.992350 0.991552 0.473956
0.992350 0.991463 0.526765
0.992350 0.991374 0.579573
0.992350 0.991285 0.632382
0.992350 0.991196 0.685190
0.992350 0.991196 0.685190
0.992350 0.991196 0.685190
0.992350 0.991196 0.685190
0.992350 0.991196 0.685190
0.992350 0.991196 0.685190
0.992350 0.991196 0.685190
0.992350 0.991196 0.685190
0.992350 0.991196 0.685190
0.992350 0.991196 0.685190
0.992350 0.991196 0.685190
0.992350 0.991196 0.685190
0.916015 0.914861 0.685292
0.839680 0.838526 0.685393
0.763346 0.762192 0.685495
0.687011 0.685857 0.685596
0.610677 0.609522 0.685698
0.534342 0.533187 0.685799
0.458007 0.456852 0.685901
0.381673 0.380517 0.686002
0.305338 0.304182 0.686104
0.229004 0.227848 0.686205
0.152669 0.151513 0.686307
0.076335 0.075178 0.686409
0.000000 -0.001157 0.686510
-0.068195 -0.069353 0.686601
-0.136391 -0.137548 0.686691
-0.204586 -0.205744 0.686782
-0.272782 -0.273940 0.686873
-0.340977 -0.342135 0.686964
-0.409173 -0.410331 0.687054
-0.477368 -0.478527 0.687145
-0.545563 -0.546722 0.687236
-0.613759 -0.614918 0.687326
-0.681954 -0.683114 0.687417
-0.750150 -0.751309 0.687508
-0.818345 -0.819505 0.687598
-0.886541 -0.887701 0.687689
-0.886541 -0.887701 0.687689
-0.886541 -0.887701 0.687689
-0.886541 -0.887701 0.687689
-0.886541 -0.887701 0.687689
-0.886541 -0.887701 0.687689
-0.886541 -0.887701 0.687689
-0.886541 -0.887701 0.687689
-0.886541 -0.887701 0.687689
-0.886541 -0.887701 0.687689
-0.886541 -0.887701 0.687689
-0.886541 -0.887701 0.687689
-0.886541 -0.887701 0.687689
-0.886541 -0.887701 0.687689
-0.886541 -0.887701 0.687689
-0.886541 -0.887701 0.687689
-0.886541 -0.887701 0.687689
-0.886541 -0.887701 0.687689
-0.886541 -0.887701 0.687689
-0.886541 -0.887701 0.687689
-0.886541 -0.887701 0.687689
-0.886541 -0.887701 0.687689
-0.886541 -0.887701 0.687689
-0.886541 -0.887701 0.687689
-0.886541 -0.887701 0.687689
-0.886541 -0.887701 0.687689
-0.886541 -0.887701 0.687689
-0.886541 -0.887701 0.687689
-0.886541 -0.887701 0.687689
-0.886541 -0.887701 0.687689
-0.886541 -0.887701 0.687689
-0.886541 -0.887701 0.687689
-0.886541 -0.887701 0.687689
-0.886541 -0.887701 0.687689
-0.886541 -0.887701 0.687689
-0.886541 -0.887701 0.687689
-0.886541 -0.887701 0.687689
-0.886541 -0.887701 0.687689
-0.886541 -0.887701 0.687689
-0.886541 -0.887701 0.687689
-0.886541 -0.887701 0.687689
-0.886541 -0.887701 0.687689
-0.886541 -0.887701 0.687689
-0.886541 -0.887701 0.687689
-0.886541 -0.887701 0.687689
-0.886541 -0.887701 0.687689
-0.886541 -0.887701 0.687689
-0.886541 -0.887701 0.687689
-0.818345 -0.819416 0.634790
-0.750150 -0.751131 0.581891
-0.681954 -0.682847 0.528992
-0.613759 -0.614562 0.476093
-0.545563 -0.546277 0.423193
-0.477368 -0.477993 0.370294
-0.409173 -0.409708 0.317395
-0.340977 -0.341423 0.264496
-0.272782 -0.273139 0.211597
-0.204586 -0.204854 0.158698
-0.136391 -0.136569 0.105798
-0.068195 -0.068285 0.052899
0.000000 0.000000 0.000000
0.000000 0.000000 0.000000
0.000000 0.000000 0.000000
0.000000 0.000000 0.000000
0.000000 0.000000 0.000000
0.000000 0.000000 0.000000
0.000000 0.000000 0.000000
0.000000 0.000000 0.000000
0.000000 0.000000 0.000000
0.000000 0.000000 0.000000
0.000000 0.000000 0.000000
0.000000 0.000000 0.000000
0.000000 0.000000 0.000000
0.000000 0.000000 0.000000
0.000000 0.000000 0.000000
0.000000 0.000000 0.000000
0.000000 0.000000 0.000000
0.000000 0.000000 0.000000
0.000000 0.000000 0.000000
0.000000 0.000000 0.000000
0.000000 0.000000 0.000000
0.000000 0.000000 0.000000
0.000000 0.000000 0.000000
0.000000 0.000000 0.000000
0.000000 0.000000 0.000000
0.000000 0.000000 0.000000
0.000000 0.000000 0.000000
0.000000 0.000000 0.000000
0.000000 0.000000 0.000000
0.000000 0.000000 0.000000
0.000000 0.000000 0.000000
0.000000 0.000000 0.000000
0.000000 0.000000 0.000000
0.000000 0.000000 0.000000
0.000000 0.000000 0.000000
0.000000 0.000000 0.000000
0.000000 0.000000 0.000000
0.000000 0.000000 0.000000
0.000000 0.000000 0.000000
0.000000 0.000000 0.000000
0.000000 0.000000 0.000000
0.000000 0.000000 0.000000
0.000000 0.000000 0.000000
0.000000 0.000000 0.000000
0.000000 0.000000 0.000000
0.000000 0.000000 0.000000
0.000000 0.000000 0.000000
0.000000 0.000000 0.000000
0.000000 0.000000 0.000000
0.000000 0.000000 0.000000
0.000000 0.000000 0.000000
0.000000 0.000000 0.000000
0.000000 0.000000 0.000000
0.000000 0.000000 0.000000
0.000000 0.000000 0.000000
0.000000 0.000000 0.000000
0.000000 0.000000 0.000000
0.000000 0.000000 0.000000
0.000000 0.000000 0.000000
0.000000 0.000000 0.000000
0.000000 0.000000 0.000000
0.000000 0.000000 0.000000
0.000000 0.000000 0.000000
0.000000 0.000000 0.000000
0.000000 0.000000 0.000000
0.000000 0.000000 0.000000
0.000000 0.000000 0.000000
0.000000 0.000000 0.000000
0.000000 0.000000 0.000000
0.000000 0.000000 0.000000
0.000000 0.000000 0.000000
0.000000 0.000000 0.000000
0.000000 0.000000 0.000000
0.000000 0.000000 0.000000
0.000000 0.000000 0.000000
0.000000 0.000000 0.000000
0.000000 0.000000 0.000000
0.000000 0.000000 0.000000
0.000000 0.000000 0.000000
0.000000 0.000000 0.000000
0.000000 0.000000 0.000000
0.000000 0.000000 0.000000
0.000000 0.000000 0.000000
0.000000 0.000000 0.000000
0.000000 0.000000 0.000000
0.000000 0.000000 0.000000
0.000000 0.000000 0.000000
0.000000 0.000000 0.000000
0.000000 0.000000 0.000000
0.000000 0.000000 0.000000
0.000000 0.000000 0.000000
0.000000 0.000000 0.000000
0.000000 0.000000 0.000000
0.000000 0.000000 0.000000
0.000000 0.000000 0.000000
0.000000 0.000000 0.000000
0.000000 0.000000 0.000000
0.000000 0.000000 0.000000
0.000000 0.000000 0.000000
0.000000 0.000000 0.000000
0.000000 0.000000 0.000000
0.000000 0.000000 0.000000
0.000000 0.000000 0.000000
0.000000 0.000000 0.000000
0.000000 0.000000 0.000000
0.000000 0.000000 0.000000
0.000000 0.000000 0.000000
0.000000 0.000000 0.000000
0.000000 0.000000 0.000000
0.000000 0.000000 0.000000
0.000000 0.000000 0.000000
0.000000 0.000000 0.000000
0.000000 0.000000 0.000000
0.000000 0.000000 0.000000
0.000000 0.000000 0.000000
0.000000 0.000000 0.000000
0.000000 0.000000 0.000000
0.000000 0.000000 0.000000
0.000000 0.000000 0.000000
0.000000 0.000000 0.000000
0.000000 0.000000 0.000000
0.000000 0.000000 0.000000
0.000000 0.000000 0.000000
0.000000 0.000000 0.000000
0.000000 0.000000 0.000000
0.000000 0.000000 0.000000
0.000000 0.000000 0.000000
0.000000 0.000000 0.000000
0.000000 0.000000 0.000000
0.000000 0.000000 0.000000
0.000000 0.000000 0.000000
0.000000 0.000000 0.000000
0.000000 0.000000 0.000000
0.000000 0.000000 0.000000
0.000000 0.000000 0.000000
0.000000 0.000000 0.000000
0.000000 0.000000 0.000000
0.000000 0.000000 0.000000
0.000000 0.000000 0.000000
0.000000 0.000000 0.000000
0.000000 0.000000 0.000000
0.000000 0.000000 0.000000
0.066915 -0.066826 -0.052719
0.133829 -0.133652 -0.105439
0.200744 -0.200477 -0.158158
0.267658 -0.267303 -0.210878
0.334573 -0.334129 -0.263597
0.401487 -0.400955 -0.316317
0.468402 -0.467780 -0.369036
0.535316 -0.534606 -0.421756
0.602231 -0.601432 -0.474475
0.669145 -0.668258 -0.527195
0.736060 -0.735084 -0.579914
0.802974 -0.801909 -0.632634
0.869889 -0.868735 -0.685353
0.869889 -0.868735 -0.685353
0.869889 -0.868735 -0.685353
0.869889 -0.868735 -0.685353
0.869889 -0.868735 -0.685353
0.869889 -0.868735 -0.685353
0.869889 -0.868735 -0.685353
0.869889 -0.868735 -0.685353
0.869889 -0.868735 -0.685353
0.869889 -0.868735 -0.685353
0.869889 -0.868735 -0.685353
0.869889 -0.868735 -0.685353
0.869889 -0.868735 -0.685353
0.869889 -0.868735 -0.685353
0.869889 -0.868735 -0.685353
0.869889 -0.868735 -0.685353
0.869889 -0.868735 -0.685353
0.869889 -0.868735 -0.685353
0.869889 -0.868735 -0.685353
0.869889 -0.868735 -0.685353
0.869889 -0.868735 -0.685353
0.869889 -0.868735 -0.685353
0.869889 -0.868735 -0.685353
0.869889 -0.868735 -0.685353
0.869889 -0.868735 -0.685353
0.869889 -0.868735 -0.685353
0.869889 -0.868735 -0.685353
0.869889 -0.868735 -0.685353
0.869889 -0.868735 -0.685353
0.869889 -0.868735 -0.685353
0.869889 -0.868735 -0.685353
0.869889 -0.868735 -0.685353
0.869889 -0.868735 -0.685353
0.869889 -0.868735 -0.685353
0.869889 -0.868735 -0.685353
0.869889 -0.868735 -0.685353
0.869889 -0.868735 -0.685353
0.869889 -0.868735 -0.685353
0.869889 -0.868735 -0.685353
0.869889 -0.868735 -0.685353
0.869889 -0.868735 -0.685353
0.869889 -0.868735 -0.685353
0.869889 -0.868735 -0.685353
0.869889 -0.868735 -0.685353
0.869889 -0.868735 -0.685353
0.869889 -0.868735 -0.685353
0.869889 -0.868735 -0.685353
0.869889 -0.868735 -0.685353
0.869889 -0.868735 -0.685353
0.802974 -0.801820 -0.685442
0.736060 -0.734906 -0.685531
0.669145 -0.667991 -0.685620
0.602231 -0.601076 -0.685709
0.535316 -0.534161 -0.685798
0.468402 -0.467247 -0.685887
0.401487 -0.400332 -0.685976
0.334573 -0.333417 -0.686065
0.267658 -0.266502 -0.686154
0.200744 -0.199587 -0.686243
0.133829 -0.132673 -0.686332
0.066915 -0.065758 -0.686421
-0.000000 0.001157 -0.686510
-0.076834 0.077991 -0.686612
-0.153668 0.154825 -0.686714
-0.230501 0.231659 -0.686817
-0.307335 0.308493 -0.686919
-0.384169 0.385327 -0.687021
-0.461003 0.462161 -0.687123
-0.537837 0.538996 -0.687225
-0.614670 0.615830 -0.687328
-0.691504 0.692664 -0.687430
-0.768338 0.769498 -0.687532
-0.845172 0.846332 -0.687634
-0.922006 0.923166 -0.687736
-0.998839 1.000000 -0.687839
-0.998839 1.000000 -0.687839
-0.998839 1.000000 -0.687839
-0.998839 1.000000 -0.687839
-0.998839 1.000000 -0.687839
-0.998839 1.000000 -0.687839
-0.998839 1.000000 -0.687839
-0.998839 1.000000 -0.687839
-0.998839 1.000000 -0.687839
-0.998839 1.000000 -0.687839
-0.998839 1.000000 -0.687839
-0.998839 0.999911 -0.635030
-0.998839 0.999822 -0.582222
-0.998839 0.999733 -0.529413
-0.998839 0.999644 -0.476605
-0.998839 0.999555 -0.423796
-0.998839 0.999466 -0.370988
-0.998839 0.999377 -0.318179
-0.998839 0.999288 -0.265371
-0.998839 0.999199 -0.212562
-0.998839 0.999110 -0.159754
-0.998839 0.999021 -0.106945
-0.998839 0.998932 -0.054137
-0.998839 0.998843 -0.001328
-0.998839 0.998760 0.048164
-0.998839 0.998676 0.097655
-0.998839 0.998593 0.147147
-0.998839 0.998509 0.196639
-0.998839 0.998426 0.246131
-0.998839 0.998343 0.295623
-0.998839 0.998259 0.345115
-0.998839 0.998176 0.394607
-0.998839 0.998092 0.444099
-0.998839 0.998009 0.493591
-0.998839 0.997926 0.543083
-0.998839 0.997842 0.592575
-0.998839 0.997759 0.642067
-0.998839 0.997759 0.642067
-0.998839 0.997759 0.642067
-0.998839 0.997759 0.642067
-0.998839 0.997759 0.642067
-0.998839 0.997759 0.642067
-0.998839 0.997759 0.642067
-0.998839 0.997759 0.642067
-0.998839 0.997759 0.642067
-0.998839 0.997759 0.642067
-0.998839 0.997759 0.642067
-0.998839 0.997759 0.642067
-0.998839 0.997759 0.642067
-0.998839 0.997759 0.642067
-0.998839 0.997759 0.642067
-0.998839 0.997759 0.642067
-0.998839 0.997759 0.642067
-0.998839 0.997759 0.642067
-0.998839 0.997759 0.642067
-0.998839 0.997759 0.642067
-0.998839 0.997759 0.642067
-0.998839 0.997759 0.642067
-0.998839 0.997759 0.642067
-0.998839 0.997759 0.642067
-0.998839 0.997759 0.642067
-0.998839 0.997759 0.642067
-0.998839 0.997759 0.642067
-0.998839 0.997759 0.642067
-0.998839 0.997759 0.642067
-0.998839 0.997759 0.642067
-0.998839 0.997759 0.642067
-0.998839 0.997759 0.642067
-0.998839 0.997759 0.642067
-0.998839 0.997759 0.642067
-0.998839 0.997759 0.642067
-0.998839 0.997759 0.642067
-0.998839 0.997759 0.642067
-0.998839 0.997759 0.642067
-0.998839 0.997759 0.642067
-0.998839 0.997759 0.642067
-0.998839 0.997759 0.642067
-0.998839 0.997759 0.642067
-0.998839 0.997759 0.642067
-0.998839 0.997759 0.642067
-0.998839 0.997759 0.642067
-0.998839 0.997759 0.642067
-0.998839 0.997759 0.642067
-0.998839 0.997759 0.642067
-0.998839 0.997759 0.642067
-0.998839 0.997759 0.642067
-0.998839 0.997759 0.642067
-0.998839 0.997759 0.642067
-0.998839 0.997759 0.642067
-0.998839 0.997759 0.642067
-0.998839 0.997759 0.642067
-0.998839 0.997759 0.642067
-0.998839 0.997759 0.642067
-0.998839 0.997759 0.642067
-0.998839 0.997759 0.642067
-0.998839 0.997759 0.642067
-0.998839 0.997759 0.642067
-0.998839 0.997759 0.642067
-0.998839 0.997759 0.642067
-0.998839 0.997759 0.642067
-0.998839 0.997759 0.642067
-0.998839 0.997759 0.642067
-0.998839 0.997759 0.642067
-0.998839 0.997759 0.642067
-0.998839 0.997759 0.642067
-0.998839 0.997759 0.642067
-0.998839 0.997759 0.642067
-0.998839 0.997759 0.642067
-0.998839 0.997759 0.642067
-0.998839 0.997759 0.642067
-0.998839 0.997759 0.642067
-0.998839 0.997759 0.642067
-0.998839 0.997759 0.642067
-0.998839 0.997759 0.642067
-0.998839 0.997759 0.642067
-0.998839 0.997759 0.642067
-0.998839 0.997759 0.642067
-0.998839 0.997759 0.642067
-0.998839 0.997759 0.642067
-0.998839 0.997759 0.642067
-0.998839 0.997759 0.642067
-0.922006 0.920925 0.642170
-0.845172 0.844091 0.642272
-0.768338 0.767256 0.642374
-0.691504 0.690422 0.642476
-0.614670 0.613588 0.642578
-0.537837 0.536754 0.642681
-0.461003 0.459920 0.642783
-0.384169 0.383086 0.642885
-0.307335 0.306252 0.642987
-0.230501 0.229418 0.643089
-0.153668 0.152584 0.643192
-0.076834 0.075750 0.643294
0.000000 -0.001084 0.643396
0.076335 -0.077419 0.643497
0.152669 -0.153754 0.643599
0.229004 -0.230089 0.643700
0.305338 -0.306424 0.643802
0.381673 -0.382759 0.643904
0.458007 -0.459093 0.644005
0.534342 -0.535428 0.644107
0.610677 -0.611763 0.644208
0.687011 -0.688098 0.644310
0.763346 -0.764433 0.644411
0.839680 -0.840768 0.644513
0.916015 -0.917103 0.644614
0.992350 -0.993437 0.644716
0.992350 -0.993437 0.644716
0.992350 -0.993437 0.644716
0.992350 -0.993437 0.644716
0.992350 -0.993437 0.644716
0.992350 -0.993437 0.644716
0.992350 -0.993437 0.644716
0.992350 -0.993437 0.644716
0.992350 -0.993437 0.644716
0.992350 -0.993437 0.644716
0.992350 -0.993437 0.644716
0.992350 -0.993437 0.644716
0.992350 -0.993437 0.644716
0.992350 -0.993437 0.644716
0.992350 -0.993437 0.644716
0.992350 -0.993437 0.644716
0.992350 -0.993437 0.644716
0.992350 -0.993437 0.644716
0.992350 -0.993437 0.644716
0.992350 -0.993437 0.644716
0.992350 -0.993437 0.644716
0.992350 -0.993437 0.644716
0.992350 -0.993437 0.644716
0.992350 -0.993437 0.644716
0.992350 -0.993437 0.644716
0.992350 -0.993437 0.644716
0.992350 -0.993437 0.644716
0.992350 -0.993437 0.644716
0.992350 -0.993437 0.644716
0.992350 -0.993437 0.644716
0.992350 -0.993437 0.644716
0.992350 -0.993437 0.644716
0.992350 -0.993437 0.644716
0.992350 -0.993437 0.644716
0.992350 -0.993437 0.644716
0.992350 -0.993437 0.644716
0.992350 -0.993437 0.644716
0.992350 -0.993437 0.644716
0.992350 -0.993437 0.644716
0.992350 -0.993437 0.644716
0.992350 -0.993437 0.644716
0.992350 -0.993437 0.644716
0.992350 -0.993437 0.644716
0.992350 -0.993437 0.644716
0.992350 -0.993437 0.644716
0.992350 -0.993437 0.644716
0.992350 -0.993437 0.644716
0.992350 -0.993437 0.644716
0.992350 -0.993437 0.644716
0.992350 -0.993437 0.644716
0.992350 -0.993437 0.644716
0.992350 -0.993437 0.644716
0.992350 -0.993437 0.644716
0.992350 -0.993437 0.644716
0.992350 -0.993437 0.644716
0.992350 -0.993437 0.644716
0.992350 -0.993437 0.644716
0.992350 -0.993437 0.644716
0.992350 -0.993437 0.644716
0.992350 -0.993437 0.644716
0.992350 -0.993437 0.644716
0.992350 -0.993437 0.644716
0.992350 -0.993437 0.644716
0.992350 -0.993437 0.644716
0.992350 -0.993437 0.644716
0.992350 -0.993437 0.644716
0.992350 -0.993437 0.644716
0.992350 -0.993437 0.644716
0.992350 -0.993437 0.644716
0.992350 -0.993437 0.644716
0.992350 -0.993437 0.644716
0.992350 -0.993437 0.644716
0.992350 -0.993437 0.644716
0.992350 -0.993437 0.644716
0.992350 -0.993437 0.644716
0.992350 -0.993437 0.644716
0.992350 -0.993437 0.644716
0.992350 -0.993437 0.644716
0.992350 -0.993437 0.644716
0.992350 -0.993437 0.644716
0.992350 -0.993437 0.644716
0.992350 -0.993437 0.644716
0.992350 -0.993437 0.644716
0.992350 -0.993437 0.644716
0.992350 -0.993437 0.644716
0.992350 -0.993354 0.595224
0.992350 -0.993271 0.545732
0.992350 -0.993187 0.496240
0.992350 -0.993104 0.446748
0.992350 -0.993020 0.397256
0.992350 -0.992937 0.347764
0.992350 -0.992854 0.298272
0.992350 -0.992770 0.248780
0.992350 -0.992687 0.199288
0.992350 -0.992603 0.149796
0.992350 -0.992520 0.100304
0.992350 -0.992437 0.050812
0.992350 -0.992353 0.001320
0.992350 -0.992264 -0.051489
0.992350 -0.992175 -0.104297
0.992350 -0.992086 -0.157106
0.992350 -0.991997 -0.209914
0.992350 -0.991908 -0.262722
0.992350 -0.991819 -0.315531
0.992350 -0.991730 -0.368339
0.992350 -0.991641 -0.421148
0.992350 -0.991552 -0.473956
0.992350 -0.991463 -0.526765
0.992350 -0.991374 -0.579573
0.992350 -0.991285 -0.632382
0.992350 -0.991196 -0.685190
0.992350 -0.991196 -0.685190
0.992350 -0.991196 -0.685190
0.992350 -0.991196 -0.685190
0.992350 -0.991196 -0.685190
0.992350 -0.991196 -0.685190
0.992350 -0.991196 -0.685190
0.992350 -0.991196 -0.685190
0.992350 -0.991196 -0.685190
0.992350 -0.991196 -0.685190
0.992350 -0.991196 -0.685190
0.992350 -0.991196 -0.685190
0.916015 -0.914861 -0.685292
0.839680 -0.838526 -0.685393
0.763346 -0.762192 -0.685495
0.687011 -0.685857 -0.685596
0.610677 -0.609522 -0.685698
0.534342 -0.533187 -0.685799
0.458007 -0.456852 -0.685901
0.381673 -0.380517 -0.686002
0.305338 -0.304182 -0.686104
0.229004 -0.227848 -0.686205
0.152669 -0.151513 -0.686307
0.076335 -0.075178 -0.686409
-0.000000 0.001157 -0.686510
-0.068195 0.069353 -0.686601
-0.136391 0.137548 -0.686691
-0.204586 0.205744 -0.686782
-0.272782 0.273940 -0.686873
-0.340977 0.342135 -0.686964
-0.409173 0.410331 -0.687054
-0.477368 0.478527 -0.687145
-0.545563 0.546722 -0.687236
-0.613759 0.614918 -0.687326
-0.681954 0.683114 -0.687417
-0.750150 0.751309 -0.687508
-0.818345 0.819505 -0.687598
-0.886541 0.887701 -0.687689
-0.886541 0.887701 -0.687689
-0.886541 0.887701 -0.687689
-0.886541 0.887701 -0.687689
-0.886541 0.887701 -0.687689
-0.886541 0.887701 -0.687689
-0.886541 0.887701 -0.687689
-0.886541 0.887701 -0.687689
-0.886541 0.887701 -0.687689
-0.886541 0.887701 -0.687689
-0.886541 0.887701 -0.687689
-0.886541 0.887701 -0.687689
-0.886541 0.887701 -0.687689
-0.886541 0.887701 -0.687689
-0.886541 0.887701 -0.687689
-0.886541 0.887701 -0.687689
-0.886541 0.887701 -0.687689
-0.886541 0.887701 -0.687689
-0.886541 0.887701 -0.687689
-0.886541 0.887701 -0.687689
-0.886541 0.887701 -0.687689
-0.886541 0.887701 -0.687689
-0.886541 0.887701 -0.687689
-0.886541 0.887701 -0.687689
-0.886541 0.887701 -0.687689
-0.886541 0.887701 -0.687689
-0.886541 0.887701 -0.687689
-0.886541 0.887701 -0.687689
-0.886541 0.887701 -0.687689
-0.886541 0.887701 -0.687689
-0.886541 0.887701 -0.687689
-0.886541 0.887701 -0.687689
-0.886541 0.887701 -0.687689
-0.886541 0.887701 -0.687689
-0.886541 0.887701 -0.687689
-0.886541 0.887701 -0.687689
-0.886541 0.887701 -0.687689
-0.886541 0.887701 -0.687689
-0.886541 0.887701 -0.687689
-0.886541 0.887701 -0.687689
-0.886541 0.887701 -0.687689
-0.886541 0.887701 -0.687689
-0.886541 0.887701 -0.687689
-0.886541 0.887701 -0.687689
-0.886541 0.887701 -0.687689
-0.886541 0.887701 -0.687689
-0.886541 0.887701 -0.687689
-0.886541 0.887701 -0.687689
-0.818345 0.819416 -0.634790
-0.750150 0.751131 -0.581891
-0.681954 0.682847 -0.528992
-0.613759 0.614562 -0.476093
-0.545563 0.546277 -0.423193
-0.477368 0.477993 -0.370294
-0.409173 0.409708 -0.317395
-0.340977 0.341423 -0.264496
-0.272782 0.273139 -0.211597
-0.204586 0.204854 -0.158698
-0.136391 0.136569 -0.105798
-0.068195 0.068285 -0.052899
0.000000 0.000000 0.000000
