     832
0.000000 0.000000 0.000000
0.075583 0.075575 0.036193
0.151166 0.151151 0.072385
0.226749 0.226726 0.108578
0.302332 0.302302 0.144770
0.377915 0.377877 0.180963
0.453498 0.453453 0.217156
0.529081 0.529028 0.253348
0.604665 0.604604 0.289541
0.680248 0.680179 0.325733
0.755831 0.755755 0.361926
0.831414 0.831330 0.398118
0.906997 0.906906 0.434311
0.982580 0.982481 0.470504
0.982580 0.982481 0.470504
0.982580 0.982481 0.470504
0.982580 0.982481 0.470504
0.982580 0.982481 0.470504
0.982580 0.982481 0.470504
0.982580 0.982481 0.470504
0.982580 0.982481 0.470504
0.982580 0.982481 0.470504
0.982580 0.982481 0.470504
0.982580 0.982481 0.470504
0.982580 0.982481 0.470504
0.982580 0.982481 0.470504
0.982580 0.982481 0.470504
0.982580 0.982481 0.470504
0.982580 0.982481 0.470504
0.982580 0.982481 0.470504
0.982580 0.982481 0.470504
0.982580 0.982481 0.470504
0.982580 0.982481 0.470504
0.982580 0.982481 0.470504
0.982580 0.982481 0.470504
0.982580 0.982481 0.470504
0.982580 0.982481 0.470504
0.982580 0.982481 0.470504
0.982580 0.982481 0.470504
0.982580 0.982481 0.470504
0.982580 0.982481 0.470504
0.982580 0.982481 0.470504
0.982580 0.982481 0.470504
0.982580 0.982481 0.470504
0.982580 0.982481 0.470504
0.982580 0.982481 0.470504
0.982580 0.982481 0.470504
0.982580 0.982481 0.470504
0.982580 0.982481 0.470504
0.982580 0.982481 0.470504
0.982580 0.982481 0.470504
0.982580 0.982481 0.470504
0.982580 0.982481 0.470504
0.982580 0.982481 0.470504
0.982580 0.982481 0.470504
0.982580 0.982481 0.470504
0.982580 0.982481 0.470504
0.982580 0.982481 0.470504
0.982580 0.982481 0.470504
0.982580 0.982481 0.470504
0.982580 0.982481 0.470504
0.982580 0.982481 0.470504
0.982580 0.982481 0.470504
0.982580 0.982481 0.470504
0.982580 0.982481 0.470504
0.982580 0.982481 0.470504
0.982580 0.982481 0.470504
0.982580 0.982481 0.470504
0.982580 0.982481 0.470504
0.982580 0.982481 0.470504
0.982580 0.982481 0.470504
0.982580 0.982481 0.470504
0.982580 0.982481 0.470504
0.982580 0.982481 0.470504
0.982580 0.982481 0.470504
0.906997 0.906898 0.470511
0.831414 0.831315 0.470519
0.755831 0.755732 0.470526
0.680248 0.680149 0.470534
0.604665 0.604566 0.470542
0.529081 0.528983 0.470549
0.453498 0.453400 0.470557
0.377915 0.377817 0.470564
0.302332 0.302233 0.470572
0.226749 0.226650 0.470580
0.151166 0.151067 0.470587
0.075583 0.075484 0.470595
0.000000 -0.000099 0.470602
-0.070490 -0.070589 0.470610
-0.140981 -0.141080 0.470617
-0.211471 -0.211570 0.470624
-0.281962 -0.282060 0.470631
-0.352452 -0.352551 0.470638
-0.422942 -0.423041 0.470645
-0.493433 -0.493532 0.470652
-0.563923 -0.564022 0.470659
-0.634414 -0.634512 0.470666
-0.704904 -0.705003 0.470673
-0.775394 -0.775493 0.470680
-0.845885 -0.845984 0.470688
-0.916375 -0.916474 0.470695
-0.916375 -0.916474 0.470695
-0.916375 -0.916474 0.470695
-0.916375 -0.916474 0.470695
-0.916375 -0.916474 0.470695
-0.916375 -0.916474 0.470695
-0.916375 -0.916474 0.470695
-0.916375 -0.916474 0.470695
-0.916375 -0.916474 0.470695
-0.916375 -0.916474 0.470695
-0.916375 -0.916474 0.470695
-0.916375 -0.916474 0.470695
-0.916375 -0.916474 0.470695
-0.916375 -0.916474 0.470695
-0.916375 -0.916474 0.470695
-0.916375 -0.916474 0.470695
-0.916375 -0.916474 0.470695
-0.916375 -0.916474 0.470695
-0.916375 -0.916474 0.470695
-0.916375 -0.916474 0.470695
-0.916375 -0.916474 0.470695
-0.916375 -0.916474 0.470695
-0.916375 -0.916474 0.470695
-0.916375 -0.916474 0.470695
-0.916375 -0.916474 0.470695
-0.916375 -0.916474 0.470695
-0.916375 -0.916474 0.470695
-0.916375 -0.916474 0.470695
-0.916375 -0.916474 0.470695
-0.916375 -0.916474 0.470695
-0.916375 -0.916474 0.470695
-0.916375 -0.916474 0.470695
-0.916375 -0.916474 0.470695
-0.916375 -0.916474 0.470695
-0.916375 -0.916474 0.470695
-0.916375 -0.916474 0.470695
-0.916375 -0.916474 0.470695
-0.916375 -0.916474 0.470695
-0.916375 -0.916474 0.470695
-0.916375 -0.916474 0.470695
-0.916375 -0.916474 0.470695
-0.916375 -0.916474 0.470695
-0.916375 -0.916474 0.470695
-0.916375 -0.916474 0.470695
-0.916375 -0.916474 0.470695
-0.916375 -0.916474 0.470695
-0.916375 -0.916474 0.470695
-0.916375 -0.916474 0.470695
-0.916375 -0.916474 0.470695
-0.916375 -0.916474 0.470695
-0.916375 -0.916474 0.470695
-0.916375 -0.916474 0.470695
-0.916375 -0.916474 0.470695
-0.916375 -0.916474 0.470695
-0.916375 -0.916474 0.470695
-0.916375 -0.916474 0.470695
-0.916375 -0.916474 0.470695
-0.916375 -0.916474 0.470695
-0.916375 -0.916474 0.470695
-0.916375 -0.916474 0.470695
-0.916375 -0.916474 0.470695
-0.916375 -0.916466 0.434494
-0.916375 -0.916459 0.398294
-0.916375 -0.916451 0.362094
-0.916375 -0.916444 0.325894
-0.916375 -0.916436 0.289694
-0.916375 -0.916428 0.253493
-0.916375 -0.916421 0.217293
-0.916375 -0.916413 0.181093
-0.916375 -0.916406 0.144893
-0.916375 -0.916398 0.108693
-0.916375 -0.916390 0.072493
-0.916375 -0.916383 0.036292
-0.916375 -0.916375 0.000092
-0.916375 -0.916368 -0.036336
-0.916375 -0.916360 -0.072764
-0.916375 -0.916352 -0.109191
-0.916375 -0.916345 -0.145619
-0.916375 -0.916337 -0.182047
-0.916375 -0.916329 -0.218475
-0.916375 -0.916322 -0.254903
-0.916375 -0.916314 -0.291331
-0.916375 -0.916306 -0.327759
-0.916375 -0.916299 -0.364186
-0.916375 -0.916291 -0.400614
-0.916375 -0.916283 -0.437042
-0.916375 -0.916276 -0.473470
-0.916375 -0.916276 -0.473470
-0.916375 -0.916276 -0.473470
-0.916375 -0.916276 -0.473470
-0.916375 -0.916276 -0.473470
-0.916375 -0.916276 -0.473470
-0.916375 -0.916276 -0.473470
-0.916375 -0.916276 -0.473470
-0.916375 -0.916276 -0.473470
-0.916375 -0.916276 -0.473470
-0.916375 -0.916276 -0.473470
-0.916375 -0.916276 -0.473470
-0.916375 -0.916276 -0.473470
-0.916375 -0.916276 -0.473470
-0.916375 -0.916276 -0.473470
-0.916375 -0.916276 -0.473470
-0.916375 -0.916276 -0.473470
-0.916375 -0.916276 -0.473470
-0.916375 -0.916276 -0.473470
-0.916375 -0.916276 -0.473470
-0.916375 -0.916276 -0.473470
-0.916375 -0.916276 -0.473470
-0.916375 -0.916276 -0.473470
-0.916375 -0.916276 -0.473470
-0.916375 -0.916276 -0.473470
-0.916375 -0.916276 -0.473470
-0.916375 -0.916276 -0.473470
-0.916375 -0.916276 -0.473470
-0.916375 -0.916276 -0.473470
-0.916375 -0.916276 -0.473470
-0.916375 -0.916276 -0.473470
-0.916375 -0.916276 -0.473470
-0.916375 -0.916276 -0.473470
-0.916375 -0.916276 -0.473470
-0.916375 -0.916276 -0.473470
-0.916375 -0.916276 -0.473470
-0.916375 -0.916276 -0.473470
-0.916375 -0.916276 -0.473470
-0.916375 -0.916276 -0.473470
-0.916375 -0.916276 -0.473470
-0.916375 -0.916276 -0.473470
-0.916375 -0.916276 -0.473470
-0.916375 -0.916276 -0.473470
-0.916375 -0.916276 -0.473470
-0.916375 -0.916276 -0.473470
-0.916375 -0.916276 -0.473470
-0.916375 -0.916276 -0.473470
-0.916375 -0.916276 -0.473470
-0.916375 -0.916276 -0.473470
-0.916375 -0.916276 -0.473470
-0.916375 -0.916276 -0.473470
-0.916375 -0.916276 -0.473470
-0.916375 -0.916276 -0.473470
-0.916375 -0.916276 -0.473470
-0.916375 -0.916276 -0.473470
-0.916375 -0.916276 -0.473470
-0.916375 -0.916276 -0.473470
-0.916375 -0.916276 -0.473470
-0.916375 -0.916276 -0.473470
-0.916375 -0.916276 -0.473470
-0.916375 -0.916276 -0.473470
-0.845885 -0.845785 -0.473477
-0.775394 -0.775295 -0.473484
-0.704904 -0.704805 -0.473491
-0.634414 -0.634314 -0.473498
-0.563923 -0.563824 -0.473505
-0.493433 -0.493333 -0.473513
-0.422942 -0.422843 -0.473520
-0.352452 -0.352353 -0.473527
-0.281962 -0.281862 -0.473534
-0.211471 -0.211372 -0.473541
-0.140981 -0.140881 -0.473548
-0.070490 -0.070391 -0.473555
-0.000000 0.000099 -0.473562
0.076915 0.077015 -0.473570
0.153831 0.153930 -0.473578
0.230746 0.230846 -0.473585
0.307662 0.307761 -0.473593
0.384577 0.384677 -0.473601
0.461493 0.461592 -0.473609
0.538408 0.538507 -0.473616
0.615323 0.615423 -0.473624
0.692239 0.692338 -0.473632
0.769154 0.769254 -0.473640
0.846070 0.846169 -0.473647
0.922985 0.923085 -0.473655
0.999900 1.000000 -0.473663
0.999900 1.000000 -0.473663
0.999900 1.000000 -0.473663
0.999900 1.000000 -0.473663
0.999900 1.000000 -0.473663
0.999900 1.000000 -0.473663
0.999900 1.000000 -0.473663
0.999900 1.000000 -0.473663
0.999900 1.000000 -0.473663
0.999900 1.000000 -0.473663
0.999900 1.000000 -0.473663
0.999900 1.000000 -0.473663
0.999900 1.000000 -0.473663
0.999900 1.000000 -0.473663
0.999900 1.000000 -0.473663
0.999900 1.000000 -0.473663
0.999900 1.000000 -0.473663
0.999900 1.000000 -0.473663
0.999900 1.000000 -0.473663
0.999900 1.000000 -0.473663
0.999900 1.000000 -0.473663
0.999900 1.000000 -0.473663
0.999900 1.000000 -0.473663
0.999900 1.000000 -0.473663
0.999900 1.000000 -0.473663
0.999900 1.000000 -0.473663
0.999900 1.000000 -0.473663
0.999900 1.000000 -0.473663
0.999900 1.000000 -0.473663
0.999900 1.000000 -0.473663
0.999900 1.000000 -0.473663
0.999900 1.000000 -0.473663
0.999900 1.000000 -0.473663
0.999900 1.000000 -0.473663
0.999900 1.000000 -0.473663
0.999900 1.000000 -0.473663
0.999900 1.000000 -0.473663
0.999900 1.000000 -0.473663
0.999900 1.000000 -0.473663
0.999900 1.000000 -0.473663
0.999900 1.000000 -0.473663
0.999900 1.000000 -0.473663
0.999900 1.000000 -0.473663
0.999900 1.000000 -0.473663
0.999900 1.000000 -0.473663
0.999900 1.000000 -0.473663
0.999900 1.000000 -0.473663
0.999900 1.000000 -0.473663
0.999900 1.000000 -0.473663
0.999900 1.000000 -0.473663
0.999900 1.000000 -0.473663
0.999900 1.000000 -0.473663
0.999900 1.000000 -0.473663
0.999900 1.000000 -0.473663
0.999900 1.000000 -0.473663
0.999900 1.000000 -0.473663
0.999900 1.000000 -0.473663
0.999900 1.000000 -0.473663
0.999900 1.000000 -0.473663
0.999900 1.000000 -0.473663
0.999900 1.000000 -0.473663
0.922985 0.923077 -0.437227
0.846070 0.846154 -0.400792
0.769154 0.769231 -0.364356
0.692239 0.692308 -0.327920
0.615323 0.615385 -0.291485
0.538408 0.538462 -0.255049
0.461493 0.461538 -0.218614
0.384577 0.384615 -0.182178
0.307662 0.307692 -0.145742
0.230746 0.230769 -0.109307
0.153831 0.153846 -0.072871
0.076915 0.076923 -0.036436
0.000000 0.000000 0.000000
0.000000 0.000000 0.000000
0.000000 0.000000 0.000000
0.000000 0.000000 0.000000
0.000000 0.000000 0.000000
0.000000 0.000000 0.000000
0.000000 0.000000 0.000000
0.000000 0.000000 0.000000
0.000000 0.000000 0.000000
0.000000 0.000000 0.000000
0.000000 0.000000 0.000000
0.000000 0.000000 0.000000
0.000000 0.000000 0.000000
0.000000 0.000000 0.000000
0.000000 0.000000 0.000000
0.000000 0.000000 0.000000
0.000000 0.000000 0.000000
0.000000 0.000000 0.000000
0.000000 0.000000 0.000000
0.000000 0.000000 0.000000
0.000000 0.000000 0.000000
0.000000 0.000000 0.000000
0.000000 0.000000 0.000000
0.000000 0.000000 0.000000
0.000000 0.000000 0.000000
0.000000 0.000000 0.000000
0.000000 0.000000 0.000000
0.000000 0.000000 0.000000
0.000000 0.000000 0.000000
0.000000 0.000000 0.000000
0.000000 0.000000 0.000000
0.000000 0.000000 0.000000
0.000000 0.000000 0.000000
0.000000 0.000000 0.000000
0.000000 0.000000 0.000000
0.000000 0.000000 0.000000
0.000000 0.000000 0.000000
0.000000 0.000000 0.000000
0.000000 0.000000 0.000000
0.000000 0.000000 0.000000
0.000000 0.000000 0.000000
0.000000 0.000000 0.000000
0.000000 0.000000 0.000000
0.000000 0.000000 0.000000
0.000000 0.000000 0.000000
0.000000 0.000000 0.000000
0.000000 0.000000 0.000000
0.000000 0.000000 0.000000
0.000000 0.000000 0.000000
0.000000 0.000000 0.000000
0.000000 0.000000 0.000000
0.000000 0.000000 0.000000
0.000000 0.000000 0.000000
0.000000 0.000000 0.000000
0.000000 0.000000 0.000000
0.000000 0.000000 0.000000
0.000000 0.000000 0.000000
0.000000 0.000000 0.000000
0.000000 0.000000 0.000000
0.000000 0.000000 0.000000
0.000000 0.000000 0.000000
0.000000 0.000000 0.000000
0.000000 0.000000 0.000000
0.000000 0.000000 0.000000
0.000000 0.000000 0.000000
0.000000 0.000000 0.000000
0.000000 0.000000 0.000000
0.000000 0.000000 0.000000
0.000000 0.000000 0.000000
0.000000 0.000000 0.000000
0.000000 0.000000 0.000000
0.000000 0.000000 0.000000
0.000000 0.000000 0.000000
0.000000 0.000000 0.000000
0.000000 0.000000 0.000000
0.000000 0.000000 0.000000
0.000000 0.000000 0.000000
0.000000 0.000000 0.000000
0.000000 0.000000 0.000000
0.000000 0.000000 0.000000
0.000000 0.000000 0.000000
0.000000 0.000000 0.000000
0.000000 0.000000 0.000000
0.000000 0.000000 0.000000
0.000000 0.000000 0.000000
0.000000 0.000000 0.000000
0.000000 0.000000 0.000000
0.000000 0.000000 0.000000
0.000000 0.000000 0.000000
0.000000 0.000000 0.000000
0.000000 0.000000 0.000000
0.000000 0.000000 0.000000
0.000000 0.000000 0.000000
0.000000 0.000000 0.000000
0.000000 0.000000 0.000000
0.000000 0.000000 0.000000
0.000000 0.000000 0.000000
0.000000 0.000000 0.000000
0.000000 0.000000 0.000000
0.000000 0.000000 0.000000
0.000000 0.000000 0.000000
0.000000 0.000000 0.000000
0.000000 0.000000 0.000000
0.000000 0.000000 0.000000
0.000000 0.000000 0.000000
0.000000 0.000000 0.000000
0.000000 0.000000 0.000000
0.000000 0.000000 0.000000
0.000000 0.000000 0.000000
0.000000 0.000000 0.000000
0.000000 0.000000 0.000000
0.000000 0.000000 0.000000
0.000000 0.000000 0.000000
0.000000 0.000000 0.000000
0.000000 0.000000 0.000000
0.000000 0.000000 0.000000
0.000000 0.000000 0.000000
0.000000 0.000000 0.000000
0.000000 0.000000 0.000000
0.000000 0.000000 0.000000
0.000000 0.000000 0.000000
0.000000 0.000000 0.000000
0.000000 0.000000 0.000000
0.000000 0.000000 0.000000
0.000000 0.000000 0.000000
0.000000 0.000000 0.000000
0.000000 0.000000 0.000000
0.000000 0.000000 0.000000
0.000000 0.000000 0.000000
0.000000 0.000000 0.000000
0.000000 0.000000 0.000000
0.000000 0.000000 0.000000
0.000000 0.000000 0.000000
0.000000 0.000000 0.000000
0.000000 0.000000 0.000000
0.000000 0.000000 0.000000
0.000000 0.000000 0.000000
0.000000 0.000000 0.000000
0.000000 0.000000 0.000000
0.000000 0.000000 0.000000
0.000000 0.000000 0.000000
0.000000 0.000000 0.000000
0.075583 -0.075575 -0.036193
0.151166 -0.151151 -0.072385
0.226749 -0.226726 -0.108578
0.302332 -0.302302 -0.144770
0.377915 -0.377877 -0.180963
0.453498 -0.453453 -0.217156
0.529081 -0.529028 -0.253348
0.604665 -0.604604 -0.289541
0.680248 -0.680179 -0.325733
0.755831 -0.755755 -0.361926
0.831414 -0.831330 -0.398118
0.906997 -0.906906 -0.434311
0.982580 -0.982481 -0.470504
0.982580 -0.982481 -0.470504
0.982580 -0.982481 -0.470504
0.982580 -0.982481 -0.470504
0.982580 -0.982481 -0.470504
0.982580 -0.982481 -0.470504
0.982580 -0.982481 -0.470504
0.982580 -0.982481 -0.470504
0.982580 -0.982481 -0.470504
0.982580 -0.982481 -0.470504
0.982580 -0.982481 -0.470504
0.982580 -0.982481 -0.470504
0.982580 -0.982481 -0.470504
0.982580 -0.982481 -0.470504
0.982580 -0.982481 -0.470504
0.982580 -0.982481 -0.470504
0.982580 -0.982481 -0.470504
0.982580 -0.982481 -0.470504
0.982580 -0.982481 -0.470504
0.982580 -0.982481 -0.470504
0.982580 -0.982481 -0.470504
0.982580 -0.982481 -0.470504
0.982580 -0.982481 -0.470504
0.982580 -0.982481 -0.470504
0.982580 -0.982481 -0.470504
0.982580 -0.982481 -0.470504
0.982580 -0.982481 -0.470504
0.982580 -0.982481 -0.470504
0.982580 -0.982481 -0.470504
0.982580 -0.982481 -0.470504
0.982580 -0.982481 -0.470504
0.982580 -0.982481 -0.470504
0.982580 -0.982481 -0.470504
0.982580 -0.982481 -0.470504
0.982580 -0.982481 -0.470504
0.982580 -0.982481 -0.470504
0.982580 -0.982481 -0.470504
0.982580 -0.982481 -0.470504
0.982580 -0.982481 -0.470504
0.982580 -0.982481 -0.470504
0.982580 -0.982481 -0.470504
0.982580 -0.982481 -0.470504
0.982580 -0.982481 -0.470504
0.982580 -0.982481 -0.470504
0.982580 -0.982481 -0.470504
0.982580 -0.982481 -0.470504
0.982580 -0.982481 -0.470504
0.982580 -0.982481 -0.470504
0.982580 -0.982481 -0.470504
0.982580 -0.982481 -0.470504
0.982580 -0.982481 -0.470504
0.982580 -0.982481 -0.470504
0.982580 -0.982481 -0.470504
0.982580 -0.982481 -0.470504
0.982580 -0.982481 -0.470504
0.982580 -0.982481 -0.470504
0.982580 -0.982481 -0.470504
0.982580 -0.982481 -0.470504
0.982580 -0.982481 -0.470504
0.982580 -0.982481 -0.470504
0.982580 -0.982481 -0.470504
0.982580 -0.982481 -0.470504
0.906997 -0.906898 -0.470511
0.831414 -0.831315 -0.470519
0.755831 -0.755732 -0.470526
0.680248 -0.680149 -0.470534
0.604665 -0.604566 -0.470542
0.529081 -0.528983 -0.470549
0.453498 -0.453400 -0.470557
0.377915 -0.377817 -0.470564
0.302332 -0.302233 -0.470572
0.226749 -0.226650 -0.470580
0.151166 -0.151067 -0.470587
0.075583 -0.075484 -0.470595
-0.000000 0.000099 -0.470602
-0.070490 0.070589 -0.470610
-0.140981 0.141080 -0.470617
-0.211471 0.211570 -0.470624
-0.281962 0.282060 -0.470631
-0.352452 0.352551 -0.470638
-0.422942 0.423041 -0.470645
-0.493433 0.493532 -0.470652
-0.563923 0.564022 -0.470659
-0.634414 0.634512 -0.470666
-0.704904 0.705003 -0.470673
-0.775394 0.775493 -0.470680
-0.845885 0.845984 -0.470688
-0.916375 0.916474 -0.470695
-0.916375 0.916474 -0.470695
-0.916375 0.916474 -0.470695
-0.916375 0.916474 -0.470695
-0.916375 0.916474 -0.470695
-0.916375 0.916474 -0.470695
-0.916375 0.916474 -0.470695
-0.916375 0.916474 -0.470695
-0.916375 0.916474 -0.470695
-0.916375 0.916474 -0.470695
-0.916375 0.916474 -0.470695
-0.916375 0.916474 -0.470695
-0.916375 0.916474 -0.470695
-0.916375 0.916474 -0.470695
-0.916375 0.916474 -0.470695
-0.916375 0.916474 -0.470695
-0.916375 0.916474 -0.470695
-0.916375 0.916474 -0.470695
-0.916375 0.916474 -0.470695
-0.916375 0.916474 -0.470695
-0.916375 0.916474 -0.470695
-0.916375 0.916474 -0.470695
-0.916375 0.916474 -0.470695
-0.916375 0.916474 -0.470695
-0.916375 0.916474 -0.470695
-0.916375 0.916474 -0.470695
-0.916375 0.916474 -0.470695
-0.916375 0.916474 -0.470695
-0.916375 0.916474 -0.470695
-0.916375 0.916474 -0.470695
-0.916375 0.916474 -0.470695
-0.916375 0.916474 -0.470695
-0.916375 0.916474 -0.470695
-0.916375 0.916474 -0.470695
-0.916375 0.916474 -0.470695
-0.916375 0.916474 -0.470695
-0.916375 0.916474 -0.470695
-0.916375 0.916474 -0.470695
-0.916375 0.916474 -0.470695
-0.916375 0.916474 -0.470695
-0.916375 0.916474 -0.470695
-0.916375 0.916474 -0.470695
-0.916375 0.916474 -0.470695
-0.916375 0.916474 -0.470695
-0.916375 0.916474 -0.470695
-0.916375 0.916474 -0.470695
-0.916375 0.916474 -0.470695
-0.916375 0.916474 -0.470695
-0.916375 0.916474 -0.470695
-0.916375 0.916474 -0.470695
-0.916375 0.916474 -0.470695
-0.916375 0.916474 -0.470695
-0.916375 0.916474 -0.470695
-0.916375 0.916474 -0.470695
-0.916375 0.916474 -0.470695
-0.916375 0.916474 -0.470695
-0.916375 0.916474 -0.470695
-0.916375 0.916474 -0.470695
-0.916375 0.916474 -0.470695
-0.916375 0.916474 -0.470695
-0.916375 0.916474 -0.470695
-0.916375 0.916466 -0.434494
-0.916375 0.916459 -0.398294
-0.916375 0.916451 -0.362094
-0.916375 0.916444 -0.325894
-0.916375 0.916436 -0.289694
-0.916375 0.916428 -0.253493
-0.916375 0.916421 -0.217293
-0.916375 0.916413 -0.181093
-0.916375 0.916406 -0.144893
-0.916375 0.916398 -0.108693
-0.916375 0.916390 -0.072493
-0.916375 0.916383 -0.036292
-0.916375 0.916375 -0.000092
-0.916375 0.916368 0.036336
-0.916375 0.916360 0.072764
-0.916375 0.916352 0.109191
-0.916375 0.916345 0.145619
-0.916375 0.916337 0.182047
-0.916375 0.916329 0.218475
-0.916375 0.916322 0.254903
-0.916375 0.916314 0.291331
-0.916375 0.916306 0.327759
-0.916375 0.916299 0.364186
-0.916375 0.916291 0.400614
-0.916375 0.916283 0.437042
-0.916375 0.916276 0.473470
-0.916375 0.916276 0.473470
-0.916375 0.916276 0.473470
-0.916375 0.916276 0.473470
-0.916375 0.916276 0.473470
-0.916375 0.916276 0.473470
-0.916375 0.916276 0.473470
-0.916375 0.916276 0.473470
-0.916375 0.916276 0.473470
-0.916375 0.916276 0.473470
-0.916375 0.916276 0.473470
-0.916375 0.916276 0.473470
-0.916375 0.916276 0.473470
-0.916375 0.916276 0.473470
-0.916375 0.916276 0.473470
-0.916375 0.916276 0.473470
-0.916375 0.916276 0.473470
-0.916375 0.916276 0.473470
-0.916375 0.916276 0.473470
-0.916375 0.916276 0.473470
-0.916375 0.916276 0.473470
-0.916375 0.916276 0.473470
-0.916375 0.916276 0.473470
-0.916375 0.916276 0.473470
-0.916375 0.916276 0.473470
-0.916375 0.916276 0.473470
-0.916375 0.916276 0.473470
-0.916375 0.916276 0.473470
-0.916375 0.916276 0.473470
-0.916375 0.916276 0.473470
-0.916375 0.916276 0.473470
-0.916375 0.916276 0.473470
-0.916375 0.916276 0.473470
-0.916375 0.916276 0.473470
-0.916375 0.916276 0.473470
-0.916375 0.916276 0.473470
-0.916375 0.916276 0.473470
-0.916375 0.916276 0.473470
-0.916375 0.916276 0.473470
-0.916375 0.916276 0.473470
-0.916375 0.916276 0.473470
-0.916375 0.916276 0.473470
-0.916375 0.916276 0.473470
-0.916375 0.916276 0.473470
-0.916375 0.916276 0.473470
-0.916375 0.916276 0.473470
-0.916375 0.916276 0.473470
-0.916375 0.916276 0.473470
-0.916375 0.916276 0.473470
-0.916375 0.916276 0.473470
-0.916375 0.916276 0.473470
-0.916375 0.916276 0.473470
-0.916375 0.916276 0.473470
-0.916375 0.916276 0.473470
-0.916375 0.916276 0.473470
-0.916375 0.916276 0.473470
-0.916375 0.916276 0.473470
-0.916375 0.916276 0.473470
-0.916375 0.916276 0.473470
-0.916375 0.916276 0.473470
-0.916375 0.916276 0.473470
-0.845885 0.845785 0.473477
-0.775394 0.775295 0.473484
-0.704904 0.704805 0.473491
-0.634414 0.634314 0.473498
-0.563923 0.563824 0.473505
-0.493433 0.493333 0.473513
-0.422942 0.422843 0.473520
-0.352452 0.352353 0.473527
-0.281962 0.281862 0.473534
-0.211471 0.211372 0.473541
-0.140981 0.140881 0.473548
-0.070490 0.070391 0.473555
0.000000 -0.000099 0.473562
0.076915 -0.077015 0.473570
0.153831 -0.153930 0.473578
0.230746 -0.230846 0.473585
0.307662 -0.307761 0.473593
0.384577 -0.384677 0.473601
0.461493 -0.461592 0.473609
0.538408 -0.538507 0.473616
0.615323 -0.615423 0.473624
0.692239 -0.692338 0.473632
0.769154 -0.769254 0.473640
0.846070 -0.846169 0.473647
0.922985 -0.923085 0.473655
0.999900 -1.000000 0.473663
0.999900 -1.000000 0.473663
0.999900 -1.000000 0.473663
0.999900 -1.000000 0.473663
0.999900 -1.000000 0.473663
0.999900 -1.000000 0.473663
0.999900 -1.000000 0.473663
0.999900 -1.000000 0.473663
0.999900 -1.000000 0.473663
0.999900 -1.000000 0.473663
0.999900 -1.000000 0.473663
0.999900 -1.000000 0.473663
0.999900 -1.000000 0.473663
0.999900 -1.000000 0.473663
0.999900 -1.000000 0.473663
0.999900 -1.000000 0.473663
0.999900 -1.000000 0.473663
0.999900 -1.000000 0.473663
0.999900 -1.000000 0.473663
0.999900 -1.000000 0.473663
0.999900 -1.000000 0.473663
0.999900 -1.000000 0.473663
0.999900 -1.000000 0.473663
0.999900 -1.000000 0.473663
0.999900 -1.000000 0.473663
0.999900 -1.000000 0.473663
0.999900 -1.000000 0.473663
0.999900 -1.000000 0.473663
0.999900 -1.000000 0.473663
0.999900 -1.000000 0.473663
0.999900 -1.000000 0.473663
0.999900 -1.000000 0.473663
0.999900 -1.000000 0.473663
0.999900 -1.000000 0.473663
0.999900 -1.000000 0.473663
0.999900 -1.000000 0.473663
0.999900 -1.000000 0.473663
0.999900 -1.000000 0.473663
0.999900 -1.000000 0.473663
0.999900 -1.000000 0.473663
0.999900 -1.000000 0.473663
0.999900 -1.000000 0.473663
0.999900 -1.000000 0.473663
0.999900 -1.000000 0.473663
0.999900 -1.000000 0.473663
0.999900 -1.000000 0.473663
0.999900 -1.000000 0.473663
0.999900 -1.000000 0.473663
0.999900 -1.000000 0.473663
0.999900 -1.000000 0.473663
0.999900 -1.000000 0.473663
0.999900 -1.000000 0.473663
0.999900 -1.000000 0.473663
0.999900 -1.000000 0.473663
0.999900 -1.000000 0.473663
0.999900 -1.000000 0.473663
0.999900 -1.000000 0.473663
0.999900 -1.000000 0.473663
0.999900 -1.000000 0.473663
0.999900 -1.000000 0.473663
0.999900 -1.000000 0.473663
0.922985 -0.923077 0.437227
0.846070 -0.846154 0.400792
0.769154 -0.769231 0.364356
0.692239 -0.692308 0.327920
0.615323 -0.615385 0.291485
0.538408 -0.538462 0.255049
0.461493 -0.461538 0.218614
0.384577 -0.384615 0.182178
0.307662 -0.307692 0.145742
0.230746 -0.230769 0.109307
0.153831 -0.153846 0.072871
0.076915 -0.076923 0.036436
0.000000 0.000000 0.000000
