      92
0.000000 0.000000 0.000000
-0.670287 0.742105 0.000000
-0.631897 0.775055 -0.000000
-0.573923 0.818912 0.000000
-0.455305 0.832468 0.000000
-0.288550 0.771112 -0.000000
-0.116827 0.694437 -0.000000
0.055145 0.603573 -0.000000
0.222641 0.499935 0.000000
0.381058 0.385208 0.000000
0.526039 0.261326 -0.000000
0.653596 0.130438 -0.000000
0.760218 -0.005119 0.000000
0.842969 -0.142862 -0.000000
0.899567 -0.280208 -0.000000
0.910048 -0.414507 0.000000
0.848343 -0.529451 -0.000000
0.784413 -0.620242 0.000000
0.720252 -0.693716 -0.000000
0.654620 -0.755961 0.000000
0.584572 -0.811345 -0.000000
0.506195 -0.862421 0.000000
0.415048 -0.909802 -0.000000
0.307061 -0.951692 -0.000000
0.180361 -0.983603 0.000000
0.037203 -0.999310 0.000000
-0.116051 -0.993245 -0.000000
-0.271286 -0.962501 0.000000
-0.421055 -0.907037 -0.000000
-0.559567 -0.828788 -0.000000
-0.682646 -0.730752 0.000000
-0.787400 -0.616446 -0.000000
-0.871936 -0.489625 0.000000
-0.935194 -0.354141 -0.000000
-0.976865 -0.213867 0.000000
-0.997363 -0.072605 -0.000000
-0.997820 0.066021 -0.000000
-0.980052 0.198750 0.000000
-0.946425 0.322931 0.000000
-0.899563 0.436797 -0.000000
-0.841909 0.539624 0.000000
-0.775248 0.631660 0.000000
-0.700389 0.713764 -0.000000
-0.661439 0.750002 0.000000
0.000000 0.000000 -0.000000
0.000000 0.000000 0.000000
0.000000 0.000000 0.000000
0.000000 0.000000 -0.000000
0.000000 0.000000 -0.000000
0.000000 0.000000 -0.000000
0.000000 0.000000 -0.000000
0.000000 0.000000 0.000000
0.000000 0.000000 -0.000000
-0.661439 0.750002 -0.000000
-0.241111 0.970500 -0.000000
-0.203449 0.979088 0.000000
-0.162106 0.986776 -0.000000
-0.115894 0.993264 0.000000
-0.063259 0.997999 -0.000000
-0.002082 1.000000 -0.000000
0.070651 0.997503 0.000000
0.159421 0.987213 -0.000000
0.271184 0.962530 0.000000
0.416917 0.908947 0.000000
0.610317 0.792160 0.000000
0.829587 0.558381 -0.000000
0.960950 0.276731 0.000000
0.998030 0.062780 -0.000000
0.995895 -0.090543 0.000000
0.978522 -0.206155 -0.000000
0.954540 -0.298089 0.000000
0.927187 -0.374605 -0.000000
0.897573 -0.440871 -0.000000
0.865821 -0.500358 0.000000
0.831469 -0.555575 -0.000000
0.793579 -0.608471 0.000000
0.750672 -0.660678 -0.000000
0.700505 -0.713650 0.000000
0.639610 -0.768703 -0.000000
0.562359 -0.826896 0.000000
0.458915 -0.888483 0.000000
0.309797 -0.950805 -0.000000
-0.161784 -0.986828 -0.000000
-0.911785 -0.410672 0.000000
-0.988905 0.148567 0.000000
-0.979028 0.203735 -0.000000
-0.972655 0.232264 -0.000000
-0.968679 0.248327 0.000000
-0.966373 0.257152 -0.000000
-0.965299 0.261154 0.000000
-0.750002 0.661439 -0.000000
0.000000 0.000000 0.000000
