      45
0.000000 0.000000 0.000000
0.750000 0.000000 0.000000
1.000000 -0.000000 0.000000
1.000000 -0.000000 0.000000
1.000000 0.000000 -0.000000
1.000000 0.000000 -0.000000
1.000000 0.000000 -0.000000
1.000000 -0.000000 -0.000000
1.000000 0.000000 0.000000
1.000000 -0.000000 0.000000
1.000000 0.000000 0.000000
1.000000 0.000000 0.000000
0.961607 -0.000000 -0.000000
0.814257 0.000000 -0.000000
0.656664 -0.000000 0.000000
0.490806 0.000000 0.000000
0.318774 -0.000000 -0.000000
0.142731 0.000000 -0.000000
-0.035106 0.000000 0.000000
-0.212506 -0.000000 -0.000000
-0.387227 0.000000 -0.000000
0.000000 0.000000 0.000000
0.000000 0.000000 0.000000
0.000000 0.000000 0.000000
0.000000 0.000000 0.000000
0.000000 0.000000 0.000000
0.000000 -0.000000 0.000000
0.000000 -0.000000 0.000000
0.000000 0.000000 0.000000
0.000000 0.000000 0.000000
-0.750000 -0.000000 0.000000
-1.000000 0.000000 -0.000000
-1.000000 0.000000 0.000000
-1.000000 0.000000 0.000000
-1.000000 -0.000000 -0.000000
-1.000000 0.000000 0.000000
-1.000000 -0.000000 -0.000000
-1.000000 0.000000 0.000000
-1.000000 -0.000000 -0.000000
-1.000000 -0.000000 -0.000000
-1.000000 0.000000 -0.000000
-1.000000 -0.000000 -0.000000
-1.000000 -0.000000 -0.000000
-0.750000 0.000000 -0.000000
0.000000 0.000000 0.000000
