      75
0.000000 0.000000 0.000000
-0.750000 0.750000 0.750000
-1.000000 1.000000 1.000000
-1.000000 1.000000 1.000000
-1.000000 0.888845 0.905596
-1.000000 0.488384 0.155596
-1.000000 0.062269 -0.594404
-1.000000 -0.257157 -1.000000
-1.000000 -0.440020 -1.000000
-1.000000 -0.625418 -1.000000
-0.668977 -0.920132 -1.000000
-0.329131 -1.000000 -1.000000
-0.011995 -1.000000 -1.000000
0.300732 -1.000000 -1.000000
0.637575 -1.000000 -0.651375
0.975903 -1.000000 -0.065865
1.000000 -1.000000 0.295524
1.000000 -1.000000 0.545978
1.000000 -1.000000 0.671666
1.000000 -1.000000 0.659319
1.000000 -0.967951 0.566056
1.000000 -0.558229 1.000000
1.000000 -0.265372 1.000000
1.000000 0.055877 1.000000
1.000000 0.374092 0.945337
1.000000 0.525688 0.414826
1.000000 0.621365 -0.254185
0.752187 0.809652 -0.857708
0.534346 1.000000 -1.000000
0.394752 1.000000 -1.000000
0.257768 1.000000 -1.000000
0.127147 1.000000 -1.000000
0.006468 1.000000 -1.000000
-0.100963 1.000000 -1.000000
-0.192204 1.000000 -1.000000
-0.153676 0.750000 -0.750000
0.000000 0.000000 0.000000
0.000000 0.000000 0.000000
0.000000 0.000000 0.000000
0.000000 0.000000 0.000000
0.000000 0.000000 0.000000
0.000000 0.000000 0.000000
0.000000 0.000000 0.000000
0.000000 0.000000 0.000000
0.000000 0.000000 0.000000
-0.750000 0.750000 -0.104971
-1.000000 1.000000 0.645029
-1.000000 1.000000 1.000000
-1.000000 1.000000 1.000000
-1.000000 1.000000 1.000000
-1.000000 1.000000 1.000000
-0.936456 1.000000 1.000000
-0.186456 0.869410 1.000000
0.563544 0.119410 1.000000
1.000000 -0.630590 1.000000
1.000000 -1.000000 1.000000
1.000000 -1.000000 1.000000
1.000000 -1.000000 1.000000
1.000000 -1.000000 1.000000
1.000000 -1.000000 1.000000
0.846226 -1.000000 1.000000
0.096226 -1.000000 1.000000
-0.653774 -1.000000 0.574527
-1.000000 -1.000000 -0.175473
-1.000000 -1.000000 -0.925473
-1.000000 -1.000000 -1.000000
-1.000000 -1.000000 -1.000000
-1.000000 -0.800041 -1.000000
-1.000000 -0.050041 -1.000000
-0.919747 0.699959 -1.000000
-0.169747 1.000000 -1.000000
0.580253 1.000000 -1.000000
1.000000 1.000000 -1.000000
0.750000 0.750000 -0.750000
0.000000 0.000000 0.000000
