      80
0.000000 0.000000 0.000000
-0.750156 0.661575 -0.000000
-0.779561 0.626657 0.000000
-0.784251 0.620779 -0.000000
-0.790425 0.612898 -0.000000
-0.798745 0.602015 -0.000000
-0.791440 0.547474 0.000000
-0.728343 0.372064 0.000000
-0.658137 0.183039 -0.000000
-0.581650 -0.013810 0.000000
-0.499779 -0.212439 0.000000
-0.413471 -0.406733 -0.000000
-0.323711 -0.590685 -0.000000
-0.231504 -0.758580 0.000000
-0.137867 -0.905162 0.000000
-0.042854 -0.999289 -0.000000
0.049997 -0.998957 0.000000
0.136309 -0.990876 -0.000000
0.217540 -0.976264 0.000000
0.294960 -0.955727 0.000000
0.369742 -0.929358 0.000000
0.443026 -0.896741 -0.000000
0.515991 -0.856837 -0.000000
0.589933 -0.807710 0.000000
0.666362 -0.745907 0.000000
0.741111 -0.649804 0.000000
0.788956 -0.468693 -0.000000
0.829036 -0.270914 -0.000000
0.861168 -0.062100 -0.000000
0.885250 0.151763 0.000000
0.901261 0.364512 0.000000
0.866003 0.500454 -0.000000
0.815146 0.579615 0.000000
0.768564 0.640097 0.000000
0.725451 0.688575 -0.000000
0.685092 0.728742 0.000000
0.646905 0.762843 -0.000000
0.661575 0.750156 0.000000
0.000000 0.000000 0.000000
0.000000 0.000000 -0.000000
0.000000 0.000000 -0.000000
0.000000 0.000000 0.000000
0.000000 0.000000 -0.000000
0.000000 0.000000 -0.000000
0.000000 0.000000 0.000000
0.000000 0.000000 -0.000000
0.000000 0.000000 0.000000
0.716005 0.698393 -0.000000
0.673132 0.739803 0.000000
0.623260 0.782280 -0.000000
0.563558 0.826328 -0.000000
0.489053 0.872492 0.000000
0.390084 0.921005 -0.000000
0.245869 0.969517 0.000000
0.020383 1.000000 -0.000000
-0.244710 0.969810 -0.000000
-0.441166 0.897657 0.000000
-0.578696 0.815798 0.000000
-0.681865 0.731762 -0.000000
-0.763340 0.646319 0.000000
-0.829511 0.558862 -0.000000
-0.883706 0.468486 -0.000000
-0.927565 0.374218 -0.000000
-0.961647 0.275047 0.000000
-0.985672 0.169902 -0.000000
-0.998548 0.057591 0.000000
-0.998202 -0.063310 -0.000000
-0.981082 -0.194665 0.000000
-0.940916 -0.339252 0.000000
-0.865066 -0.502073 -0.000000
-0.683793 -0.729961 0.000000
0.066363 -0.998004 -0.000000
0.492119 -0.870767 -0.000000
0.514209 -0.857907 0.000000
0.527882 -0.849563 -0.000000
0.537647 -0.843416 0.000000
0.545266 -0.838511 -0.000000
0.551595 -0.834361 0.000000
0.661575 -0.750156 -0.000000
0.000000 0.000000 0.000000
