      83
0.000000 0.000000 0.000000
0.750000 0.750000 -0.345421
1.000000 1.000000 -0.481418
1.000000 1.000000 -0.522658
1.000000 1.000000 -0.450597
1.000000 0.545969 -0.659298
1.000000 0.005556 -0.830579
1.000000 -0.500146 -0.863799
0.945161 -0.828608 -0.500000
0.364276 -0.885433 0.250000
-0.236589 -0.874591 1.000000
-0.528751 -1.000000 1.000000
-0.818439 -1.000000 1.000000
-1.000000 -1.000000 1.000000
-1.000000 -1.000000 1.000000
-1.000000 -1.000000 1.000000
-1.000000 -1.000000 1.000000
-1.000000 -0.999406 0.584102
-1.000000 -0.900930 -0.071582
-1.000000 -0.714357 -0.669666
-1.000000 -0.381872 -1.000000
-1.000000 0.092200 -1.000000
-1.000000 0.546874 -1.000000
-1.000000 0.951797 -1.000000
-0.944749 1.000000 -1.000000
-0.756930 1.000000 -1.000000
-0.544963 1.000000 -1.000000
-0.338484 1.000000 -0.940652
-0.333194 1.000000 -0.315086
-0.366260 1.000000 0.434110
-0.324088 1.000000 1.000000
-0.067323 1.000000 1.000000
0.184743 1.000000 1.000000
0.423064 1.000000 1.000000
0.639093 1.000000 1.000000
0.849179 0.837724 1.000000
1.000000 0.431721 1.000000
1.000000 0.036817 1.000000
1.000000 -0.342757 1.000000
0.750000 -0.742860 0.750000
0.000000 0.000000 0.000000
0.000000 0.000000 0.000000
0.000000 0.000000 0.000000
0.000000 0.000000 0.000000
0.000000 0.000000 0.000000
0.000000 0.000000 0.000000
0.000000 0.000000 0.000000
0.000000 0.000000 0.000000
0.000000 0.000000 0.000000
0.750000 -0.750000 0.750000
1.000000 -1.000000 1.000000
1.000000 -1.000000 1.000000
1.000000 -1.000000 1.000000
1.000000 -1.000000 0.763802
1.000000 -1.000000 0.013802
1.000000 -1.000000 -0.736198
0.580323 -1.000000 -1.000000
-0.169677 -1.000000 -1.000000
-0.919677 -1.000000 -1.000000
-1.000000 -1.000000 -1.000000
-1.000000 -1.000000 -1.000000
-1.000000 -1.000000 -1.000000
-1.000000 -0.278383 -1.000000
-1.000000 0.471617 -1.000000
-1.000000 1.000000 -1.000000
-0.649059 1.000000 -1.000000
0.100941 1.000000 -1.000000
0.850941 1.000000 -1.000000
1.000000 1.000000 -1.000000
1.000000 1.000000 -1.000000
1.000000 1.000000 -1.000000
1.000000 1.000000 -1.000000
1.000000 1.000000 -0.329431
1.000000 1.000000 0.420569
0.936821 1.000000 1.000000
0.186821 0.843024 1.000000
-0.563179 0.093024 1.000000
-1.000000 -0.656976 1.000000
-1.000000 -1.000000 1.000000
-1.000000 -1.000000 1.000000
-1.000000 -1.000000 1.000000
-0.750000 -0.750000 0.750000
0.000000 0.000000 0.000000
