      58
0.000000 0.000000 0.000000
-0.704107 0.750000 -0.750000
-1.000000 1.000000 -1.000000
-0.951237 1.000000 -1.000000
-0.781752 1.000000 -1.000000
-0.562535 1.000000 -1.000000
0.012329 0.790955 -0.936554
0.034266 1.000000 -0.186554
0.321520 1.000000 0.375961
0.541360 1.000000 0.917206
0.919438 0.798490 1.000000
1.000000 0.558369 1.000000
1.000000 0.333209 1.000000
1.000000 0.105523 1.000000
1.000000 -0.119962 1.000000
1.000000 -0.338567 1.000000
1.000000 -0.545754 1.000000
0.531728 -0.608427 1.000000
-0.187581 -0.582243 1.000000
-0.937581 -0.524063 1.000000
-1.000000 -0.628181 1.000000
-1.000000 -0.973032 0.499279
-1.000000 -1.000000 0.350492
-1.000000 -1.000000 0.215807
-1.000000 -1.000000 0.058335
-1.000000 -1.000000 -0.115605
-0.750000 -0.750000 0.107727
0.000000 0.000000 0.000000
0.000000 0.000000 0.000000
0.000000 0.000000 0.000000
0.000000 0.000000 0.000000
0.000000 0.000000 0.000000
0.000000 0.000000 0.000000
0.000000 0.000000 0.000000
0.000000 0.000000 0.000000
0.000000 0.000000 0.000000
-0.750000 -0.750000 -0.750000
-1.000000 -1.000000 -0.792725
-1.000000 -1.000000 -1.000000
-1.000000 -1.000000 -1.000000
-1.000000 -1.000000 -1.000000
-1.000000 -0.250000 -1.000000
-1.000000 0.500000 -1.000000
-0.911950 1.000000 -1.000000
-0.161950 1.000000 -1.000000
0.588050 1.000000 -1.000000
1.000000 1.000000 -1.000000
1.000000 1.000000 -1.000000
1.000000 1.000000 -1.000000
1.000000 1.000000 -0.664456
1.000000 0.744561 0.085544
1.000000 -0.005439 0.835544
1.000000 -0.755439 1.000000
1.000000 -1.000000 1.000000
1.000000 -1.000000 1.000000
1.000000 -1.000000 1.000000
0.750000 -0.750000 0.750000
0.000000 0.000000 0.000000
