      85
0.000000 0.000000 0.000000
0.750000 -0.000000 -0.000000
1.000000 0.000000 0.000000
1.000000 -0.000000 0.000000
1.000000 0.000000 -0.000000
1.000000 0.000000 0.000000
1.000000 -0.000000 -0.000000
1.000000 0.000000 -0.000000
1.000000 -0.000000 0.000000
1.000000 0.000000 0.000000
0.830687 -0.000000 -0.000000
0.510174 0.000000 0.000000
0.169300 -0.000000 -0.000000
-0.180103 0.000000 -0.000000
-0.525910 0.000000 0.000000
-0.856118 -0.000000 0.000000
-1.000000 -0.000000 -0.000000
-1.000000 0.000000 0.000000
-1.000000 -0.000000 0.000000
-1.000000 0.000000 -0.000000
-1.000000 -0.000000 -0.000000
-1.000000 -0.000000 0.000000
-1.000000 -0.000000 -0.000000
-1.000000 0.000000 -0.000000
-1.000000 -0.000000 -0.000000
-1.000000 0.000000 0.000000
-1.000000 -0.000000 -0.000000
-1.000000 0.000000 0.000000
-1.000000 -0.000000 0.000000
-1.000000 0.000000 -0.000000
-1.000000 -0.000000 0.000000
-1.000000 -0.000000 0.000000
-1.000000 0.000000 -0.000000
-1.000000 0.000000 0.000000
-1.000000 0.000000 -0.000000
-0.829224 -0.000000 0.000000
-0.497260 0.000000 -0.000000
-0.150692 -0.000000 0.000000
0.198453 0.000000 -0.000000
0.538055 -0.000000 0.000000
0.750000 0.000000 0.000000
0.000000 -0.000000 0.000000
0.000000 -0.000000 -0.000000
0.000000 -0.000000 0.000000
0.000000 0.000000 0.000000
0.000000 -0.000000 -0.000000
0.000000 0.000000 0.000000
0.000000 -0.000000 0.000000
0.000000 -0.000000 0.000000
0.000000 0.000000 -0.000000
0.750000 0.000000 -0.000000
1.000000 0.000000 0.000000
1.000000 -0.000000 0.000000
1.000000 -0.000000 -0.000000
1.000000 -0.000000 -0.000000
1.000000 0.000000 -0.000000
1.000000 0.000000 0.000000
1.000000 -0.000000 0.000000
1.000000 -0.000000 -0.000000
1.000000 0.000000 -0.000000
1.000000 -0.000000 -0.000000
1.000000 -0.000000 0.000000
1.000000 0.000000 0.000000
1.000000 0.000000 0.000000
1.000000 0.000000 0.000000
1.000000 0.000000 -0.000000
1.000000 -0.000000 -0.000000
1.000000 0.000000 0.000000
1.000000 0.000000 -0.000000
1.000000 -0.000000 0.000000
1.000000 0.000000 -0.000000
0.514212 0.000000 0.000000
-0.235788 -0.000000 0.000000
-0.985788 -0.000000 -0.000000
-1.000000 0.000000 -0.000000
-1.000000 0.000000 -0.000000
-1.000000 -0.000000 0.000000
-1.000000 -0.000000 -0.000000
-1.000000 0.000000 0.000000
-1.000000 0.000000 -0.000000
-1.000000 -0.000000 0.000000
-1.000000 0.000000 -0.000000
-1.000000 -0.000000 -0.000000
-0.750000 0.000000 0.000000
0.000000 0.000000 0.000000
