      61
0.000000 0.000000 0.000000
-0.750336 0.661734 0.000000
-0.783751 0.621797 -0.000000
-0.789284 0.614758 -0.000000
-0.799190 0.601825 0.000000
-0.816834 0.577650 -0.000000
-0.850539 0.526765 -0.000000
-0.842097 0.431833 0.000000
-0.798275 0.323142 -0.000000
-0.747319 0.204360 -0.000000
-0.689322 0.078226 0.000000
-0.624420 -0.052337 0.000000
-0.552809 -0.184281 0.000000
-0.474746 -0.314505 0.000000
-0.390564 -0.439915 0.000000
-0.300676 -0.557499 0.000000
-0.205585 -0.664387 0.000000
-0.105888 -0.757917 0.000000
-0.002278 -0.835694 0.000000
0.104451 -0.895643 0.000000
0.213408 -0.936057 0.000000
0.328355 -0.945029 0.000000
0.455297 -0.890843 0.000000
0.562628 -0.827253 0.000000
0.646720 -0.763315 0.000000
0.711046 -0.703783 0.000000
0.762563 -0.647607 0.000000
0.807246 -0.590974 0.000000
0.750336 -0.661734 0.000000
0.000000 0.000000 -0.000000
0.000000 0.000000 0.000000
0.000000 0.000000 0.000000
0.000000 0.000000 -0.000000
0.000000 0.000000 0.000000
0.000000 0.000000 -0.000000
0.000000 0.000000 0.000000
0.000000 0.000000 0.000000
0.000000 0.000000 -0.000000
0.750336 -0.661734 -0.000000
0.878337 -0.478979 0.000000
0.887952 -0.460910 0.000000
0.898766 -0.439451 0.000000
0.910966 -0.413567 0.000000
0.924756 -0.381737 0.000000
0.940315 -0.341620 0.000000
0.957691 -0.289353 0.000000
0.976431 -0.217898 0.000000
1.000000 0.029952 0.000000
0.626136 0.780289 0.000000
-0.124200 0.992709 0.000000
-0.327204 0.945428 0.000000
-0.369658 0.929651 0.000000
-0.398956 0.917459 0.000000
-0.420133 0.907957 0.000000
-0.435807 0.900538 0.000000
-0.447490 0.894790 0.000000
-0.456108 0.890428 0.000000
-0.462249 0.887256 0.000000
-0.466286 0.885141 0.000000
-0.661734 0.750336 0.000000
0.000000 0.000000 0.000000
