     688
0.000000 0.000000 0.000000
0.125142 0.000000 0.000000
0.250244 0.000000 0.000000
0.375306 0.000000 0.000000
0.500326 0.000000 0.000000
0.625305 0.000000 0.000000
0.750244 0.000000 0.000000
0.875142 0.000000 0.000000
1.000000 0.000000 0.000000
1.000000 0.000000 0.000000
1.000000 0.000000 0.000000
1.000000 0.000000 0.000000
1.000000 0.000000 0.000000
1.000000 0.000000 0.000000
1.000000 0.000000 0.000000
1.000000 0.000000 0.000000
1.000000 0.000000 0.000000
1.000000 0.000000 0.000000
1.000000 0.000000 0.000000
1.000000 0.000000 0.000000
1.000000 0.000000 0.000000
1.000000 0.000000 0.000000
1.000000 0.000000 0.000000
1.000000 0.000000 0.000000
1.000000 0.000000 0.000000
1.000000 0.000000 0.000000
1.000000 0.000000 0.000000
1.000000 0.000000 0.000000
1.000000 0.000000 0.000000
1.000000 0.000000 0.000000
1.000000 0.000000 0.000000
1.000000 0.000000 0.000000
1.000000 0.000000 0.000000
1.000000 0.000000 0.000000
1.000000 0.000000 0.000000
1.000000 0.000000 0.000000
1.000000 0.000000 0.000000
1.000000 0.000000 0.000000
1.000000 0.000000 0.000000
1.000000 0.000000 0.000000
1.000000 0.000000 0.000000
1.000000 0.000000 0.000000
1.000000 0.000000 0.000000
1.000000 0.000000 0.000000
1.000000 0.000000 0.000000
1.000000 0.000000 0.000000
1.000000 0.000000 0.000000
1.000000 0.000000 0.000000
1.000000 0.000000 0.000000
1.000000 0.000000 0.000000
1.000000 0.000000 0.000000
1.000000 0.000000 0.000000
1.000000 0.000000 0.000000
1.000000 0.000000 0.000000
1.000000 0.000000 0.000000
1.000000 0.000000 0.000000
1.000000 0.000000 0.000000
1.000000 0.000000 0.000000
1.000000 0.000000 0.000000
1.000000 0.000000 0.000000
1.000000 0.000000 0.000000
1.000000 0.000000 0.000000
1.000000 0.000000 0.000000
1.000000 0.000000 0.000000
1.000000 0.000000 0.000000
1.000000 0.000000 0.000000
1.000000 0.000000 0.000000
1.000000 0.000000 0.000000
1.000000 0.000000 0.000000
1.000000 0.000000 0.000000
1.000000 0.000000 0.000000
1.000000 0.000000 0.000000
1.000000 0.000000 0.000000
1.000000 0.000000 0.000000
1.000000 0.000000 0.000000
1.000000 0.000000 0.000000
1.000000 0.000000 0.000000
1.000000 0.000000 0.000000
1.000000 0.000000 0.000000
1.000000 0.000000 0.000000
1.000000 0.000000 0.000000
1.000000 0.000000 0.000000
1.000000 0.000000 0.000000
1.000000 0.000000 0.000000
1.000000 0.000000 0.000000
1.000000 0.000000 0.000000
1.000000 0.000000 0.000000
1.000000 0.000000 0.000000
1.000000 0.000000 0.000000
1.000000 0.000000 0.000000
1.000000 0.000000 0.000000
1.000000 0.000000 0.000000
1.000000 0.000000 0.000000
1.000000 0.000000 0.000000
1.000000 0.000000 0.000000
1.000000 0.000000 0.000000
1.000000 0.000000 0.000000
1.000000 0.000000 0.000000
1.000000 0.000000 0.000000
1.000000 0.000000 0.000000
1.000000 0.000000 0.000000
1.000000 0.000000 0.000000
1.000000 0.000000 0.000000
1.000000 0.000000 0.000000
1.000000 0.000000 0.000000
1.000000 0.000000 0.000000
1.000000 0.000000 0.000000
1.000000 0.000000 0.000000
1.000000 0.000000 0.000000
1.000000 0.000000 0.000000
1.000000 0.000000 0.000000
1.000000 0.000000 0.000000
1.000000 0.000000 0.000000
1.000000 0.000000 0.000000
1.000000 0.000000 0.000000
1.000000 0.000000 0.000000
1.000000 0.000000 0.000000
1.000000 0.000000 0.000000
1.000000 0.000000 0.000000
1.000000 0.000000 0.000000
1.000000 0.000000 0.000000
1.000000 0.000000 0.000000
1.000000 0.000000 0.000000
1.000000 0.000000 0.000000
1.000000 0.000000 0.000000
1.000000 0.000000 0.000000
1.000000 0.000000 0.000000
1.000000 0.000000 0.000000
1.000000 0.000000 0.000000
1.000000 0.000000 0.000000
1.000000 0.000000 0.000000
1.000000 0.000000 0.000000
1.000000 0.000000 0.000000
1.000000 0.000000 0.000000
1.000000 0.000000 0.000000
1.000000 0.000000 0.000000
1.000000 0.000000 0.000000
1.000000 0.000000 0.000000
1.000000 0.000000 0.000000
1.000000 0.000000 0.000000
1.000000 0.000000 0.000000
1.000000 0.000000 0.000000
1.000000 0.000000 0.000000
1.000000 0.000000 0.000000
1.000000 0.000000 0.000000
1.000000 0.000000 0.000000
1.000000 0.000000 0.000000
1.000000 0.000000 0.000000
0.888447 0.000000 0.000000
0.763446 0.000000 0.000000
0.638444 0.000000 0.000000
0.513441 0.000000 0.000000
0.388438 0.000000 0.000000
0.263434 0.000000 0.000000
0.138430 0.000000 0.000000
0.013426 0.000000 0.000000
-0.111579 -0.000000 -0.000000
-0.236583 -0.000000 -0.000000
-0.361587 -0.000000 -0.000000
-0.486591 -0.000000 -0.000000
-0.611594 -0.000000 -0.000000
-0.736597 -0.000000 -0.000000
-0.861599 -0.000000 -0.000000
-0.986600 -0.000000 -0.000000
-1.000000 -0.000000 -0.000000
-1.000000 -0.000000 -0.000000
-1.000000 -0.000000 -0.000000
-1.000000 -0.000000 -0.000000
-1.000000 -0.000000 -0.000000
-1.000000 -0.000000 -0.000000
-1.000000 -0.000000 -0.000000
-1.000000 -0.000000 -0.000000
-1.000000 -0.000000 -0.000000
-1.000000 -0.000000 -0.000000
-1.000000 -0.000000 -0.000000
-1.000000 -0.000000 -0.000000
-1.000000 -0.000000 -0.000000
-1.000000 -0.000000 -0.000000
-1.000000 -0.000000 -0.000000
-1.000000 -0.000000 -0.000000
-1.000000 -0.000000 -0.000000
-1.000000 -0.000000 -0.000000
-1.000000 -0.000000 -0.000000
-1.000000 -0.000000 -0.000000
-1.000000 -0.000000 -0.000000
-1.000000 -0.000000 -0.000000
-1.000000 -0.000000 -0.000000
-1.000000 -0.000000 -0.000000
-1.000000 -0.000000 -0.000000
-1.000000 -0.000000 -0.000000
-1.000000 -0.000000 -0.000000
-1.000000 -0.000000 -0.000000
-1.000000 -0.000000 -0.000000
-1.000000 -0.000000 -0.000000
-1.000000 -0.000000 -0.000000
-1.000000 -0.000000 -0.000000
-1.000000 -0.000000 -0.000000
-1.000000 -0.000000 -0.000000
-1.000000 -0.000000 -0.000000
-1.000000 -0.000000 -0.000000
-1.000000 -0.000000 -0.000000
-1.000000 -0.000000 -0.000000
-1.000000 -0.000000 -0.000000
-1.000000 -0.000000 -0.000000
-1.000000 -0.000000 -0.000000
-1.000000 -0.000000 -0.000000
-1.000000 -0.000000 -0.000000
-1.000000 -0.000000 -0.000000
-1.000000 -0.000000 -0.000000
-1.000000 -0.000000 -0.000000
-1.000000 -0.000000 -0.000000
-1.000000 -0.000000 -0.000000
-1.000000 -0.000000 -0.000000
-1.000000 -0.000000 -0.000000
-1.000000 -0.000000 -0.000000
-1.000000 -0.000000 -0.000000
-1.000000 -0.000000 -0.000000
-1.000000 -0.000000 -0.000000
-1.000000 -0.000000 -0.000000
-1.000000 -0.000000 -0.000000
-1.000000 -0.000000 -0.000000
-1.000000 -0.000000 -0.000000
-1.000000 -0.000000 -0.000000
-1.000000 -0.000000 -0.000000
-1.000000 -0.000000 -0.000000
-1.000000 -0.000000 -0.000000
-1.000000 -0.000000 -0.000000
-1.000000 -0.000000 -0.000000
-1.000000 -0.000000 -0.000000
-1.000000 -0.000000 -0.000000
-1.000000 -0.000000 -0.000000
-1.000000 -0.000000 -0.000000
-1.000000 -0.000000 -0.000000
-1.000000 -0.000000 -0.000000
-1.000000 -0.000000 -0.000000
-1.000000 -0.000000 -0.000000
-1.000000 -0.000000 -0.000000
-1.000000 -0.000000 -0.000000
-1.000000 -0.000000 -0.000000
-1.000000 -0.000000 -0.000000
-1.000000 -0.000000 -0.000000
-1.000000 -0.000000 -0.000000
-1.000000 -0.000000 -0.000000
-1.000000 -0.000000 -0.000000
-1.000000 -0.000000 -0.000000
-1.000000 -0.000000 -0.000000
-1.000000 -0.000000 -0.000000
-1.000000 -0.000000 -0.000000
-1.000000 -0.000000 -0.000000
-1.000000 -0.000000 -0.000000
-1.000000 -0.000000 -0.000000
-1.000000 -0.000000 -0.000000
-1.000000 -0.000000 -0.000000
-1.000000 -0.000000 -0.000000
-1.000000 -0.000000 -0.000000
-1.000000 -0.000000 -0.000000
-1.000000 -0.000000 -0.000000
-1.000000 -0.000000 -0.000000
-1.000000 -0.000000 -0.000000
-1.000000 -0.000000 -0.000000
-1.000000 -0.000000 -0.000000
-1.000000 -0.000000 -0.000000
-1.000000 -0.000000 -0.000000
-1.000000 -0.000000 -0.000000
-1.000000 -0.000000 -0.000000
-1.000000 -0.000000 -0.000000
-1.000000 -0.000000 -0.000000
-1.000000 -0.000000 -0.000000
-1.000000 -0.000000 -0.000000
-1.000000 -0.000000 -0.000000
-1.000000 -0.000000 -0.000000
-1.000000 -0.000000 -0.000000
-1.000000 -0.000000 -0.000000
-1.000000 -0.000000 -0.000000
-1.000000 -0.000000 -0.000000
-1.000000 -0.000000 -0.000000
-1.000000 -0.000000 -0.000000
-1.000000 -0.000000 -0.000000
-1.000000 -0.000000 -0.000000
-1.000000 -0.000000 -0.000000
-1.000000 -0.000000 -0.000000
-1.000000 -0.000000 -0.000000
-1.000000 -0.000000 -0.000000
-1.000000 -0.000000 -0.000000
-1.000000 -0.000000 -0.000000
-1.000000 -0.000000 -0.000000
-1.000000 -0.000000 -0.000000
-1.000000 -0.000000 -0.000000
-1.000000 -0.000000 -0.000000
-1.000000 -0.000000 -0.000000
-1.000000 -0.000000 -0.000000
-1.000000 -0.000000 -0.000000
-1.000000 -0.000000 -0.000000
-1.000000 -0.000000 -0.000000
-1.000000 -0.000000 -0.000000
-1.000000 -0.000000 -0.000000
-1.000000 -0.000000 -0.000000
-1.000000 -0.000000 -0.000000
-1.000000 -0.000000 -0.000000
-1.000000 -0.000000 -0.000000
-1.000000 -0.000000 -0.000000
-1.000000 -0.000000 -0.000000
-1.000000 -0.000000 -0.000000
-1.000000 -0.000000 -0.000000
-1.000000 -0.000000 -0.000000
-1.000000 -0.000000 -0.000000
-1.000000 -0.000000 -0.000000
-1.000000 -0.000000 -0.000000
-1.000000 -0.000000 -0.000000
-1.000000 -0.000000 -0.000000
-1.000000 -0.000000 -0.000000
-1.000000 -0.000000 -0.000000
-1.000000 -0.000000 -0.000000
-1.000000 -0.000000 -0.000000
-1.000000 -0.000000 -0.000000
-1.000000 -0.000000 -0.000000
-1.000000 -0.000000 -0.000000
-1.000000 -0.000000 -0.000000
-1.000000 -0.000000 -0.000000
-1.000000 -0.000000 -0.000000
-1.000000 -0.000000 -0.000000
-1.000000 -0.000000 -0.000000
-1.000000 -0.000000 -0.000000
-1.000000 -0.000000 -0.000000
-1.000000 -0.000000 -0.000000
-1.000000 -0.000000 -0.000000
-0.874976 -0.000000 -0.000000
-0.749959 -0.000000 -0.000000
-0.624949 -0.000000 -0.000000
-0.499946 -0.000000 -0.000000
-0.374950 -0.000000 -0.000000
-0.249960 -0.000000 -0.000000
-0.124977 -0.000000 -0.000000
0.000000 0.000000 0.000000
0.000000 0.000000 0.000000
0.000000 0.000000 0.000000
0.000000 0.000000 0.000000
0.000000 0.000000 0.000000
0.000000 0.000000 0.000000
0.000000 0.000000 0.000000
0.000000 0.000000 0.000000
0.000000 0.000000 0.000000
0.000000 0.000000 0.000000
0.000000 0.000000 0.000000
0.000000 0.000000 0.000000
0.000000 0.000000 0.000000
0.000000 0.000000 0.000000
0.000000 0.000000 0.000000
0.000000 0.000000 0.000000
0.000000 0.000000 0.000000
0.000000 0.000000 0.000000
0.000000 0.000000 0.000000
0.000000 0.000000 0.000000
0.000000 0.000000 0.000000
0.000000 0.000000 0.000000
0.000000 0.000000 0.000000
0.000000 0.000000 0.000000
0.000000 0.000000 0.000000
0.000000 0.000000 0.000000
0.000000 0.000000 0.000000
0.000000 0.000000 0.000000
0.000000 0.000000 0.000000
0.000000 0.000000 0.000000
0.000000 0.000000 0.000000
0.000000 0.000000 0.000000
0.000000 0.000000 0.000000
0.000000 0.000000 0.000000
0.000000 0.000000 0.000000
0.000000 0.000000 0.000000
0.000000 0.000000 0.000000
0.000000 0.000000 0.000000
0.000000 0.000000 0.000000
0.000000 0.000000 0.000000
0.000000 0.000000 0.000000
0.000000 0.000000 0.000000
0.000000 0.000000 0.000000
0.000000 0.000000 0.000000
0.000000 0.000000 0.000000
0.000000 0.000000 0.000000
0.000000 0.000000 0.000000
0.000000 0.000000 0.000000
0.000000 0.000000 0.000000
0.000000 0.000000 0.000000
0.000000 0.000000 0.000000
0.000000 0.000000 0.000000
0.000000 0.000000 0.000000
0.000000 0.000000 0.000000
0.000000 0.000000 0.000000
0.000000 0.000000 0.000000
0.000000 0.000000 0.000000
0.000000 0.000000 0.000000
0.000000 0.000000 0.000000
0.000000 0.000000 0.000000
0.000000 0.000000 0.000000
0.000000 0.000000 0.000000
0.000000 0.000000 0.000000
0.000000 0.000000 0.000000
0.000000 0.000000 0.000000
0.000000 0.000000 0.000000
0.000000 0.000000 0.000000
0.000000 0.000000 0.000000
0.000000 0.000000 0.000000
0.000000 0.000000 0.000000
0.000000 0.000000 0.000000
0.000000 0.000000 0.000000
0.000000 0.000000 0.000000
0.000000 0.000000 0.000000
0.000000 0.000000 0.000000
0.000000 0.000000 0.000000
0.000000 0.000000 0.000000
0.000000 0.000000 0.000000
0.000000 0.000000 0.000000
0.000000 0.000000 0.000000
0.000000 0.000000 0.000000
-0.125008 -0.000000 -0.000000
-0.250015 -0.000000 -0.000000
-0.375019 -0.000000 -0.000000
-0.500020 -0.000000 -0.000000
-0.625019 -0.000000 -0.000000
-0.750015 -0.000000 -0.000000
-0.875009 -0.000000 -0.000000
-1.000000 -0.000000 -0.000000
-1.000000 -0.000000 -0.000000
-1.000000 -0.000000 -0.000000
-1.000000 -0.000000 -0.000000
-1.000000 -0.000000 -0.000000
-1.000000 -0.000000 -0.000000
-1.000000 -0.000000 -0.000000
-1.000000 -0.000000 -0.000000
-1.000000 -0.000000 -0.000000
-1.000000 -0.000000 -0.000000
-1.000000 -0.000000 -0.000000
-1.000000 -0.000000 -0.000000
-1.000000 -0.000000 -0.000000
-1.000000 -0.000000 -0.000000
-1.000000 -0.000000 -0.000000
-1.000000 -0.000000 -0.000000
-1.000000 -0.000000 -0.000000
-1.000000 -0.000000 -0.000000
-1.000000 -0.000000 -0.000000
-1.000000 -0.000000 -0.000000
-1.000000 -0.000000 -0.000000
-1.000000 -0.000000 -0.000000
-1.000000 -0.000000 -0.000000
-1.000000 -0.000000 -0.000000
-1.000000 -0.000000 -0.000000
-1.000000 -0.000000 -0.000000
-1.000000 -0.000000 -0.000000
-1.000000 -0.000000 -0.000000
-1.000000 -0.000000 -0.000000
-1.000000 -0.000000 -0.000000
-1.000000 -0.000000 -0.000000
-1.000000 -0.000000 -0.000000
-1.000000 -0.000000 -0.000000
-1.000000 -0.000000 -0.000000
-1.000000 -0.000000 -0.000000
-1.000000 -0.000000 -0.000000
-1.000000 -0.000000 -0.000000
-1.000000 -0.000000 -0.000000
-1.000000 -0.000000 -0.000000
-1.000000 -0.000000 -0.000000
-1.000000 -0.000000 -0.000000
-1.000000 -0.000000 -0.000000
-1.000000 -0.000000 -0.000000
-1.000000 -0.000000 -0.000000
-1.000000 -0.000000 -0.000000
-1.000000 -0.000000 -0.000000
-1.000000 -0.000000 -0.000000
-1.000000 -0.000000 -0.000000
-1.000000 -0.000000 -0.000000
-1.000000 -0.000000 -0.000000
-1.000000 -0.000000 -0.000000
-1.000000 -0.000000 -0.000000
-1.000000 -0.000000 -0.000000
-1.000000 -0.000000 -0.000000
-1.000000 -0.000000 -0.000000
-1.000000 -0.000000 -0.000000
-1.000000 -0.000000 -0.000000
-1.000000 -0.000000 -0.000000
-1.000000 -0.000000 -0.000000
-1.000000 -0.000000 -0.000000
-1.000000 -0.000000 -0.000000
-1.000000 -0.000000 -0.000000
-1.000000 -0.000000 -0.000000
-1.000000 -0.000000 -0.000000
-1.000000 -0.000000 -0.000000
-1.000000 -0.000000 -0.000000
-1.000000 -0.000000 -0.000000
-1.000000 -0.000000 -0.000000
-1.000000 -0.000000 -0.000000
-1.000000 -0.000000 -0.000000
-1.000000 -0.000000 -0.000000
-1.000000 -0.000000 -0.000000
-1.000000 -0.000000 -0.000000
-1.000000 -0.000000 -0.000000
-1.000000 -0.000000 -0.000000
-1.000000 -0.000000 -0.000000
-1.000000 -0.000000 -0.000000
-1.000000 -0.000000 -0.000000
-1.000000 -0.000000 -0.000000
-1.000000 -0.000000 -0.000000
-1.000000 -0.000000 -0.000000
-1.000000 -0.000000 -0.000000
-1.000000 -0.000000 -0.000000
-1.000000 -0.000000 -0.000000
-1.000000 -0.000000 -0.000000
-1.000000 -0.000000 -0.000000
-1.000000 -0.000000 -0.000000
-1.000000 -0.000000 -0.000000
-1.000000 -0.000000 -0.000000
-1.000000 -0.000000 -0.000000
-1.000000 -0.000000 -0.000000
-1.000000 -0.000000 -0.000000
-1.000000 -0.000000 -0.000000
-1.000000 -0.000000 -0.000000
-1.000000 -0.000000 -0.000000
-1.000000 -0.000000 -0.000000
-1.000000 -0.000000 -0.000000
-1.000000 -0.000000 -0.000000
-1.000000 -0.000000 -0.000000
-1.000000 -0.000000 -0.000000
-1.000000 -0.000000 -0.000000
-1.000000 -0.000000 -0.000000
-1.000000 -0.000000 -0.000000
-1.000000 -0.000000 -0.000000
-1.000000 -0.000000 -0.000000
-1.000000 -0.000000 -0.000000
-1.000000 -0.000000 -0.000000
-1.000000 -0.000000 -0.000000
-1.000000 -0.000000 -0.000000
-1.000000 -0.000000 -0.000000
-0.952297 -0.000000 -0.000000
-0.827299 -0.000000 -0.000000
-0.702303 -0.000000 -0.000000
-0.577308 -0.000000 -0.000000
-0.452315 -0.000000 -0.000000
-0.327323 -0.000000 -0.000000
-0.202332 -0.000000 -0.000000
-0.077341 -0.000000 -0.000000
0.047649 0.000000 0.000000
0.172640 0.000000 0.000000
0.297631 0.000000 0.000000
0.422623 0.000000 0.000000
0.547616 0.000000 0.000000
0.672611 0.000000 0.000000
0.797607 0.000000 0.000000
0.922605 0.000000 0.000000
1.000000 0.000000 0.000000
1.000000 0.000000 0.000000
1.000000 0.000000 0.000000
1.000000 0.000000 0.000000
1.000000 0.000000 0.000000
1.000000 0.000000 0.000000
1.000000 0.000000 0.000000
1.000000 0.000000 0.000000
1.000000 0.000000 0.000000
1.000000 0.000000 0.000000
1.000000 0.000000 0.000000
1.000000 0.000000 0.000000
1.000000 0.000000 0.000000
1.000000 0.000000 0.000000
1.000000 0.000000 0.000000
1.000000 0.000000 0.000000
1.000000 0.000000 0.000000
1.000000 0.000000 0.000000
1.000000 0.000000 0.000000
1.000000 0.000000 0.000000
1.000000 0.000000 0.000000
1.000000 0.000000 0.000000
1.000000 0.000000 0.000000
1.000000 0.000000 0.000000
1.000000 0.000000 0.000000
1.000000 0.000000 0.000000
1.000000 0.000000 0.000000
1.000000 0.000000 0.000000
1.000000 0.000000 0.000000
1.000000 0.000000 0.000000
1.000000 0.000000 0.000000
1.000000 0.000000 0.000000
1.000000 0.000000 0.000000
1.000000 0.000000 0.000000
1.000000 0.000000 0.000000
1.000000 0.000000 0.000000
1.000000 0.000000 0.000000
1.000000 0.000000 0.000000
1.000000 0.000000 0.000000
1.000000 0.000000 0.000000
1.000000 0.000000 0.000000
1.000000 0.000000 0.000000
1.000000 0.000000 0.000000
1.000000 0.000000 0.000000
1.000000 0.000000 0.000000
1.000000 0.000000 0.000000
1.000000 0.000000 0.000000
1.000000 0.000000 0.000000
1.000000 0.000000 0.000000
1.000000 0.000000 0.000000
1.000000 0.000000 0.000000
1.000000 0.000000 0.000000
1.000000 0.000000 0.000000
1.000000 0.000000 0.000000
1.000000 0.000000 0.000000
1.000000 0.000000 0.000000
1.000000 0.000000 0.000000
1.000000 0.000000 0.000000
1.000000 0.000000 0.000000
1.000000 0.000000 0.000000
1.000000 0.000000 0.000000
1.000000 0.000000 0.000000
1.000000 0.000000 0.000000
1.000000 0.000000 0.000000
1.000000 0.000000 0.000000
1.000000 0.000000 0.000000
1.000000 0.000000 0.000000
1.000000 0.000000 0.000000
1.000000 0.000000 0.000000
1.000000 0.000000 0.000000
1.000000 0.000000 0.000000
1.000000 0.000000 0.000000
1.000000 0.000000 0.000000
1.000000 0.000000 0.000000
1.000000 0.000000 0.000000
1.000000 0.000000 0.000000
1.000000 0.000000 0.000000
1.000000 0.000000 0.000000
1.000000 0.000000 0.000000
1.000000 0.000000 0.000000
1.000000 0.000000 0.000000
1.000000 0.000000 0.000000
1.000000 0.000000 0.000000
1.000000 0.000000 0.000000
1.000000 0.000000 0.000000
1.000000 0.000000 0.000000
1.000000 0.000000 0.000000
1.000000 0.000000 0.000000
1.000000 0.000000 0.000000
1.000000 0.000000 0.000000
1.000000 0.000000 0.000000
1.000000 0.000000 0.000000
1.000000 0.000000 0.000000
1.000000 0.000000 0.000000
1.000000 0.000000 0.000000
1.000000 0.000000 0.000000
1.000000 0.000000 0.000000
1.000000 0.000000 0.000000
1.000000 0.000000 0.000000
1.000000 0.000000 0.000000
1.000000 0.000000 0.000000
1.000000 0.000000 0.000000
1.000000 0.000000 0.000000
1.000000 0.000000 0.000000
1.000000 0.000000 0.000000
1.000000 0.000000 0.000000
1.000000 0.000000 0.000000
1.000000 0.000000 0.000000
1.000000 0.000000 0.000000
1.000000 0.000000 0.000000
1.000000 0.000000 0.000000
1.000000 0.000000 0.000000
1.000000 0.000000 0.000000
1.000000 0.000000 0.000000
1.000000 0.000000 0.000000
1.000000 0.000000 0.000000
1.000000 0.000000 0.000000
1.000000 0.000000 0.000000
1.000000 0.000000 0.000000
1.000000 0.000000 0.000000
1.000000 0.000000 0.000000
1.000000 0.000000 0.000000
1.000000 0.000000 0.000000
1.000000 0.000000 0.000000
1.000000 0.000000 0.000000
1.000000 0.000000 0.000000
1.000000 0.000000 0.000000
1.000000 0.000000 0.000000
1.000000 0.000000 0.000000
1.000000 0.000000 0.000000
1.000000 0.000000 0.000000
1.000000 0.000000 0.000000
1.000000 0.000000 0.000000
0.874894 0.000000 0.000000
0.749818 0.000000 0.000000
0.624772 0.000000 0.000000
0.499756 0.000000 0.000000
0.374771 0.000000 0.000000
0.249817 0.000000 0.000000
0.124894 0.000000 0.000000
-0.000000 -0.000000 -0.000000
