     840
0.000000 0.000000 0.000000
0.125006 0.000000 0.000000
0.250008 0.000000 0.000000
0.375007 0.000000 0.000000
0.500001 0.000000 0.000000
0.624996 0.000000 0.000000
0.749991 0.000000 0.000000
0.875000 0.000000 0.000000
0.999991 0.000000 0.000000
0.999999 0.000000 0.000000
0.999999 0.000000 0.000000
0.999999 0.000000 0.000000
0.999999 0.000000 0.000000
0.999999 0.000000 0.000000
0.999999 0.000000 0.000000
0.999999 0.000000 0.000000
0.999999 0.000000 0.000000
0.999999 0.000000 0.000000
0.999999 0.000000 0.000000
0.999999 0.000000 0.000000
0.999674 0.000000 0.000000
0.998956 0.000000 0.000000
0.985723 0.000000 0.000000
0.860726 0.000000 0.000000
0.735732 0.000000 0.000000
0.610738 0.000000 0.000000
0.485744 0.000000 0.000000
0.360747 0.000000 0.000000
0.235747 0.000000 0.000000
0.110742 0.000000 0.000000
-0.014266 -0.000000 -0.000000
-0.139278 -0.000000 -0.000000
-0.264290 -0.000000 -0.000000
-0.389301 -0.000000 -0.000000
-0.514310 -0.000000 -0.000000
-0.639317 -0.000000 -0.000000
-0.764321 -0.000000 -0.000000
-0.889323 -0.000000 -0.000000
-0.999999 -0.000000 -0.000000
-0.999999 -0.000000 -0.000000
-0.999999 -0.000000 -0.000000
-0.999999 -0.000000 -0.000000
-0.999999 -0.000000 -0.000000
-0.999999 -0.000000 -0.000000
-0.999999 -0.000000 -0.000000
-0.999999 -0.000000 -0.000000
-0.999999 -0.000000 -0.000000
-0.999999 -0.000000 -0.000000
-0.999999 -0.000000 -0.000000
-0.999999 -0.000000 -0.000000
-0.999999 -0.000000 -0.000000
-0.999999 -0.000000 -0.000000
-0.999999 -0.000000 -0.000000
-0.999999 -0.000000 -0.000000
-0.999999 -0.000000 -0.000000
-0.999999 -0.000000 -0.000000
-0.999999 -0.000000 -0.000000
-0.999999 -0.000000 -0.000000
-0.999999 -0.000000 -0.000000
-0.999999 -0.000000 -0.000000
-0.999999 -0.000000 -0.000000
-0.999999 -0.000000 -0.000000
-0.999999 -0.000000 -0.000000
-0.999999 -0.000000 -0.000000
-0.999999 -0.000000 -0.000000
-0.999999 -0.000000 -0.000000
-0.999999 -0.000000 -0.000000
-0.999999 -0.000000 -0.000000
-0.999999 -0.000000 -0.000000
-0.999999 -0.000000 -0.000000
-0.999999 -0.000000 -0.000000
-0.999999 -0.000000 -0.000000
-0.999999 -0.000000 -0.000000
-0.999999 -0.000000 -0.000000
-0.999999 -0.000000 -0.000000
-0.999999 -0.000000 -0.000000
-0.999999 -0.000000 -0.000000
-0.999999 -0.000000 -0.000000
-0.999999 -0.000000 -0.000000
-0.999999 -0.000000 -0.000000
-0.999999 -0.000000 -0.000000
-0.999999 -0.000000 -0.000000
-0.999999 -0.000000 -0.000000
-0.999999 -0.000000 -0.000000
-0.999999 -0.000000 -0.000000
-0.999999 -0.000000 -0.000000
-0.999999 -0.000000 -0.000000
-0.999999 -0.000000 -0.000000
-0.999999 -0.000000 -0.000000
-0.999999 -0.000000 -0.000000
-0.999999 -0.000000 -0.000000
-0.999999 -0.000000 -0.000000
-0.999999 -0.000000 -0.000000
-0.999999 -0.000000 -0.000000
-0.999999 -0.000000 -0.000000
-0.999999 -0.000000 -0.000000
-0.999999 -0.000000 -0.000000
-0.999999 -0.000000 -0.000000
-0.999999 -0.000000 -0.000000
-0.999999 -0.000000 -0.000000
-0.999999 -0.000000 -0.000000
-0.999999 -0.000000 -0.000000
-0.999999 -0.000000 -0.000000
-0.999999 -0.000000 -0.000000
-0.999999 -0.000000 -0.000000
-0.999999 -0.000000 -0.000000
-0.999999 -0.000000 -0.000000
-0.999999 -0.000000 -0.000000
-0.999999 -0.000000 -0.000000
-0.999999 -0.000000 -0.000000
-0.999999 -0.000000 -0.000000
-0.999999 -0.000000 -0.000000
-0.999999 -0.000000 -0.000000
-0.999999 -0.000000 -0.000000
-0.999999 -0.000000 -0.000000
-0.999999 -0.000000 -0.000000
-0.999999 -0.000000 -0.000000
-0.999999 -0.000000 -0.000000
-0.999999 -0.000000 -0.000000
-0.999999 -0.000000 -0.000000
-0.999999 -0.000000 -0.000000
-0.999999 -0.000000 -0.000000
-0.999999 -0.000000 -0.000000
-0.999999 -0.000000 -0.000000
-0.999999 -0.000000 -0.000000
-0.999999 -0.000000 -0.000000
-0.999999 -0.000000 -0.000000
-0.999999 -0.000000 -0.000000
-0.999999 -0.000000 -0.000000
-0.999999 -0.000000 -0.000000
-0.999999 -0.000000 -0.000000
-0.999999 -0.000000 -0.000000
-0.999999 -0.000000 -0.000000
-0.999999 -0.000000 -0.000000
-0.999999 -0.000000 -0.000000
-0.999999 -0.000000 -0.000000
-0.999999 -0.000000 -0.000000
-0.999999 -0.000000 -0.000000
-0.999999 -0.000000 -0.000000
-0.999999 -0.000000 -0.000000
-0.999999 -0.000000 -0.000000
-0.999999 -0.000000 -0.000000
-0.999999 -0.000000 -0.000000
-0.999999 -0.000000 -0.000000
-0.999999 -0.000000 -0.000000
-0.999999 -0.000000 -0.000000
-0.999999 -0.000000 -0.000000
-0.999999 -0.000000 -0.000000
-0.999999 -0.000000 -0.000000
-0.999999 -0.000000 -0.000000
-0.999999 -0.000000 -0.000000
-0.999999 -0.000000 -0.000000
-0.999999 -0.000000 -0.000000
-0.999999 -0.000000 -0.000000
-0.999999 -0.000000 -0.000000
-0.999999 -0.000000 -0.000000
-0.999999 -0.000000 -0.000000
-0.999999 -0.000000 -0.000000
-0.999999 -0.000000 -0.000000
-0.999999 -0.000000 -0.000000
-0.999943 -0.000000 -0.000000
-0.999680 -0.000000 -0.000000
-0.999268 -0.000000 -0.000000
-0.936274 -0.000000 -0.000000
-0.811268 -0.000000 -0.000000
-0.686256 -0.000000 -0.000000
-0.561251 -0.000000 -0.000000
-0.436250 -0.000000 -0.000000
-0.311271 -0.000000 -0.000000
-0.186316 -0.000000 -0.000000
-0.061355 -0.000000 -0.000000
0.063629 0.000000 0.000000
0.185047 0.000000 0.000000
0.302499 0.000000 0.000000
0.421490 0.000000 0.000000
0.542544 0.000000 0.000000
0.665527 0.000000 0.000000
0.790506 0.000000 0.000000
0.915479 0.000000 0.000000
1.000000 0.000000 0.000000
0.999999 0.000000 0.000000
0.999999 0.000000 0.000000
0.999999 0.000000 0.000000
0.999999 0.000000 0.000000
0.999999 0.000000 0.000000
0.999999 0.000000 0.000000
0.999999 0.000000 0.000000
0.999999 0.000000 0.000000
0.999999 0.000000 0.000000
0.999999 0.000000 0.000000
0.999999 0.000000 0.000000
0.999999 0.000000 0.000000
0.999999 0.000000 0.000000
0.999999 0.000000 0.000000
0.999999 0.000000 0.000000
0.999999 0.000000 0.000000
0.999999 0.000000 0.000000
0.999999 0.000000 0.000000
0.999999 0.000000 0.000000
0.999999 0.000000 0.000000
0.999999 0.000000 0.000000
0.999999 0.000000 0.000000
0.999999 0.000000 0.000000
0.999999 0.000000 0.000000
0.999999 0.000000 0.000000
0.999999 0.000000 0.000000
0.999999 0.000000 0.000000
0.999999 0.000000 0.000000
0.999999 0.000000 0.000000
0.999999 0.000000 0.000000
0.999999 0.000000 0.000000
0.999999 0.000000 0.000000
0.999999 0.000000 0.000000
0.999999 0.000000 0.000000
0.999999 0.000000 0.000000
0.999999 0.000000 0.000000
0.999999 0.000000 0.000000
0.999999 0.000000 0.000000
0.999999 0.000000 0.000000
0.999999 0.000000 0.000000
0.999999 0.000000 0.000000
0.999999 0.000000 0.000000
0.999999 0.000000 0.000000
0.999999 0.000000 0.000000
0.999999 0.000000 0.000000
0.999999 0.000000 0.000000
0.999999 0.000000 0.000000
0.999999 0.000000 0.000000
0.999999 0.000000 0.000000
0.999999 0.000000 0.000000
0.999999 0.000000 0.000000
0.999999 0.000000 0.000000
0.999999 0.000000 0.000000
0.999999 0.000000 0.000000
0.999999 0.000000 0.000000
0.999999 0.000000 0.000000
0.999999 0.000000 0.000000
0.999999 0.000000 0.000000
0.999999 0.000000 0.000000
0.999999 0.000000 0.000000
0.999999 0.000000 0.000000
0.999999 0.000000 0.000000
0.999999 0.000000 0.000000
0.999999 0.000000 0.000000
0.999999 0.000000 0.000000
0.999999 0.000000 0.000000
0.999999 0.000000 0.000000
0.999999 0.000000 0.000000
0.999999 0.000000 0.000000
0.999999 0.000000 0.000000
0.999999 0.000000 0.000000
0.999999 0.000000 0.000000
0.999999 0.000000 0.000000
0.999999 0.000000 0.000000
0.999999 0.000000 0.000000
0.999999 0.000000 0.000000
0.999999 0.000000 0.000000
0.999999 0.000000 0.000000
0.999999 0.000000 0.000000
0.999999 0.000000 0.000000
0.999999 0.000000 0.000000
0.999999 0.000000 0.000000
0.999999 0.000000 0.000000
0.999999 0.000000 0.000000
0.999999 0.000000 0.000000
0.999999 0.000000 0.000000
0.999999 0.000000 0.000000
0.999999 0.000000 0.000000
0.999999 0.000000 0.000000
0.999999 0.000000 0.000000
0.999999 0.000000 0.000000
0.999999 0.000000 0.000000
0.999999 0.000000 0.000000
0.999999 0.000000 0.000000
0.999999 0.000000 0.000000
0.999999 0.000000 0.000000
0.999999 0.000000 0.000000
0.999999 0.000000 0.000000
0.999999 0.000000 0.000000
0.999999 0.000000 0.000000
0.999999 0.000000 0.000000
0.999999 0.000000 0.000000
0.999999 0.000000 0.000000
0.999999 0.000000 0.000000
0.999999 0.000000 0.000000
0.999999 0.000000 0.000000
0.999999 0.000000 0.000000
0.999999 0.000000 0.000000
0.999999 0.000000 0.000000
0.999999 0.000000 0.000000
0.999999 0.000000 0.000000
0.999999 0.000000 0.000000
0.999999 0.000000 0.000000
0.999999 0.000000 0.000000
0.999999 0.000000 0.000000
0.999999 0.000000 0.000000
0.999999 0.000000 0.000000
0.999999 0.000000 0.000000
0.999999 0.000000 0.000000
0.999999 0.000000 0.000000
0.999999 0.000000 0.000000
0.999999 0.000000 0.000000
0.999999 0.000000 0.000000
0.999999 0.000000 0.000000
0.999999 0.000000 0.000000
0.999999 0.000000 0.000000
0.999999 0.000000 0.000000
0.999999 0.000000 0.000000
0.999999 0.000000 0.000000
0.999999 0.000000 0.000000
0.999999 0.000000 0.000000
0.999999 0.000000 0.000000
0.999999 0.000000 0.000000
0.999999 0.000000 0.000000
0.999999 0.000000 0.000000
0.999999 0.000000 0.000000
0.999999 0.000000 0.000000
0.999999 0.000000 0.000000
0.999999 0.000000 0.000000
0.999999 0.000000 0.000000
0.999999 0.000000 0.000000
0.999999 0.000000 0.000000
0.999999 0.000000 0.000000
0.999999 0.000000 0.000000
0.999999 0.000000 0.000000
0.999999 0.000000 0.000000
0.999999 0.000000 0.000000
0.999999 0.000000 0.000000
0.999999 0.000000 0.000000
0.999999 0.000000 0.000000
0.999999 0.000000 0.000000
0.999999 0.000000 0.000000
0.999999 0.000000 0.000000
0.999999 0.000000 0.000000
0.999999 0.000000 0.000000
0.999999 0.000000 0.000000
0.999999 0.000000 0.000000
0.999999 0.000000 0.000000
0.999999 0.000000 0.000000
0.999999 0.000000 0.000000
0.999999 0.000000 0.000000
0.999999 0.000000 0.000000
0.999999 0.000000 0.000000
0.999999 0.000000 0.000000
0.999999 0.000000 0.000000
0.999999 0.000000 0.000000
0.999999 0.000000 0.000000
0.999999 0.000000 0.000000
0.999999 0.000000 0.000000
0.999999 0.000000 0.000000
0.999999 0.000000 0.000000
0.999999 0.000000 0.000000
0.999999 0.000000 0.000000
0.999999 0.000000 0.000000
0.999999 0.000000 0.000000
0.999999 0.000000 0.000000
0.999999 0.000000 0.000000
0.999999 0.000000 0.000000
0.999999 0.000000 0.000000
0.999999 0.000000 0.000000
0.999999 0.000000 0.000000
0.999999 0.000000 0.000000
0.999999 0.000000 0.000000
0.999999 0.000000 0.000000
0.999999 0.000000 0.000000
0.999999 0.000000 0.000000
0.999999 0.000000 0.000000
0.999999 0.000000 0.000000
0.999999 0.000000 0.000000
0.999999 0.000000 0.000000
0.999999 0.000000 0.000000
0.999999 0.000000 0.000000
0.999999 0.000000 0.000000
0.999999 0.000000 0.000000
0.999999 0.000000 0.000000
0.999999 0.000000 0.000000
0.999999 0.000000 0.000000
0.999999 0.000000 0.000000
0.999999 0.000000 0.000000
0.999999 0.000000 0.000000
0.999999 0.000000 0.000000
0.999999 0.000000 0.000000
0.999999 0.000000 0.000000
0.999999 0.000000 0.000000
0.999999 0.000000 0.000000
0.999999 0.000000 0.000000
0.999999 0.000000 0.000000
0.999999 0.000000 0.000000
0.999999 0.000000 0.000000
0.999999 0.000000 0.000000
0.999999 0.000000 0.000000
0.999999 0.000000 0.000000
0.999999 0.000000 0.000000
0.999999 0.000000 0.000000
0.999999 0.000000 0.000000
0.999999 0.000000 0.000000
0.999999 0.000000 0.000000
0.999999 0.000000 0.000000
0.999999 0.000000 0.000000
0.999999 0.000000 0.000000
0.999999 0.000000 0.000000
0.999999 0.000000 0.000000
0.875009 0.000000 0.000000
0.750017 0.000000 0.000000
0.625022 0.000000 0.000000
0.500023 0.000000 0.000000
0.375022 0.000000 0.000000
0.250017 0.000000 0.000000
0.125010 0.000000 0.000000
0.000000 0.000000 0.000000
0.000000 0.000000 0.000000
0.000000 0.000000 0.000000
0.000000 0.000000 0.000000
0.000000 0.000000 0.000000
0.000000 0.000000 0.000000
0.000000 0.000000 0.000000
0.000000 0.000000 0.000000
0.000000 0.000000 0.000000
0.000000 0.000000 0.000000
0.000000 0.000000 0.000000
0.000000 0.000000 0.000000
0.000000 0.000000 0.000000
0.000000 0.000000 0.000000
0.000000 0.000000 0.000000
0.000000 0.000000 0.000000
0.000000 0.000000 0.000000
0.000000 0.000000 0.000000
0.000000 0.000000 0.000000
0.000000 0.000000 0.000000
0.000000 0.000000 0.000000
0.000000 0.000000 0.000000
0.000000 0.000000 0.000000
0.000000 0.000000 0.000000
0.000000 0.000000 0.000000
0.000000 0.000000 0.000000
0.000000 0.000000 0.000000
0.000000 0.000000 0.000000
0.000000 0.000000 0.000000
0.000000 0.000000 0.000000
0.000000 0.000000 0.000000
0.000000 0.000000 0.000000
0.000000 0.000000 0.000000
0.000000 0.000000 0.000000
0.000000 0.000000 0.000000
0.000000 0.000000 0.000000
0.000000 0.000000 0.000000
0.000000 0.000000 0.000000
0.000000 0.000000 0.000000
0.000000 0.000000 0.000000
0.000000 0.000000 0.000000
0.000000 0.000000 0.000000
0.000000 0.000000 0.000000
0.000000 0.000000 0.000000
0.000000 0.000000 0.000000
0.000000 0.000000 0.000000
0.000000 0.000000 0.000000
0.000000 0.000000 0.000000
0.000000 0.000000 0.000000
0.000000 0.000000 0.000000
0.000000 0.000000 0.000000
0.000000 0.000000 0.000000
0.000000 0.000000 0.000000
0.000000 0.000000 0.000000
0.000000 0.000000 0.000000
0.000000 0.000000 0.000000
0.000000 0.000000 0.000000
0.000000 0.000000 0.000000
0.000000 0.000000 0.000000
0.000000 0.000000 0.000000
0.000000 0.000000 0.000000
0.000000 0.000000 0.000000
0.000000 0.000000 0.000000
0.000000 0.000000 0.000000
0.000000 0.000000 0.000000
0.000000 0.000000 0.000000
0.000000 0.000000 0.000000
0.000000 0.000000 0.000000
0.000000 0.000000 0.000000
0.000000 0.000000 0.000000
0.000000 0.000000 0.000000
0.000000 0.000000 0.000000
0.000000 0.000000 0.000000
0.000000 0.000000 0.000000
0.000000 0.000000 0.000000
0.000000 0.000000 0.000000
0.000000 0.000000 0.000000
0.000000 0.000000 0.000000
0.000000 0.000000 0.000000
0.000000 0.000000 0.000000
0.000000 0.000000 0.000000
-0.124994 -0.000000 -0.000000
-0.249990 -0.000000 -0.000000
-0.374987 -0.000000 -0.000000
-0.499986 -0.000000 -0.000000
-0.624987 -0.000000 -0.000000
-0.749989 -0.000000 -0.000000
-0.874993 -0.000000 -0.000000
-0.999999 -0.000000 -0.000000
-0.999999 -0.000000 -0.000000
-0.999999 -0.000000 -0.000000
-0.999999 -0.000000 -0.000000
-0.999999 -0.000000 -0.000000
-0.999999 -0.000000 -0.000000
-0.999999 -0.000000 -0.000000
-0.999999 -0.000000 -0.000000
-0.999999 -0.000000 -0.000000
-0.999999 -0.000000 -0.000000
-0.999999 -0.000000 -0.000000
-0.999999 -0.000000 -0.000000
-0.999999 -0.000000 -0.000000
-0.999999 -0.000000 -0.000000
-0.999999 -0.000000 -0.000000
-0.999999 -0.000000 -0.000000
-0.999999 -0.000000 -0.000000
-0.999999 -0.000000 -0.000000
-0.999999 -0.000000 -0.000000
-0.999999 -0.000000 -0.000000
-0.999999 -0.000000 -0.000000
-0.999999 -0.000000 -0.000000
-0.999999 -0.000000 -0.000000
-0.999999 -0.000000 -0.000000
-0.999999 -0.000000 -0.000000
-0.999999 -0.000000 -0.000000
-0.999999 -0.000000 -0.000000
-0.999999 -0.000000 -0.000000
-0.999999 -0.000000 -0.000000
-0.999999 -0.000000 -0.000000
-0.999999 -0.000000 -0.000000
-0.999999 -0.000000 -0.000000
-0.999999 -0.000000 -0.000000
-0.999999 -0.000000 -0.000000
-0.999999 -0.000000 -0.000000
-0.999999 -0.000000 -0.000000
-0.999999 -0.000000 -0.000000
-0.999999 -0.000000 -0.000000
-0.999999 -0.000000 -0.000000
-0.999999 -0.000000 -0.000000
-0.999999 -0.000000 -0.000000
-0.999999 -0.000000 -0.000000
-0.999999 -0.000000 -0.000000
-0.999999 -0.000000 -0.000000
-0.999999 -0.000000 -0.000000
-0.999999 -0.000000 -0.000000
-0.999999 -0.000000 -0.000000
-0.999999 -0.000000 -0.000000
-0.999999 -0.000000 -0.000000
-0.999999 -0.000000 -0.000000
-0.999999 -0.000000 -0.000000
-0.999999 -0.000000 -0.000000
-0.999999 -0.000000 -0.000000
-0.999999 -0.000000 -0.000000
-0.999999 -0.000000 -0.000000
-0.999999 -0.000000 -0.000000
-0.999999 -0.000000 -0.000000
-0.999999 -0.000000 -0.000000
-0.999999 -0.000000 -0.000000
-0.999999 -0.000000 -0.000000
-0.999999 -0.000000 -0.000000
-0.999999 -0.000000 -0.000000
-0.999999 -0.000000 -0.000000
-0.999999 -0.000000 -0.000000
-0.999999 -0.000000 -0.000000
-0.999999 -0.000000 -0.000000
-0.999999 -0.000000 -0.000000
-0.999999 -0.000000 -0.000000
-0.999999 -0.000000 -0.000000
-0.999999 -0.000000 -0.000000
-0.999999 -0.000000 -0.000000
-0.999999 -0.000000 -0.000000
-0.999999 -0.000000 -0.000000
-0.999999 -0.000000 -0.000000
-0.999999 -0.000000 -0.000000
-0.999999 -0.000000 -0.000000
-0.999999 -0.000000 -0.000000
-0.999999 -0.000000 -0.000000
-0.999999 -0.000000 -0.000000
-0.999999 -0.000000 -0.000000
-0.999999 -0.000000 -0.000000
-0.999999 -0.000000 -0.000000
-0.999999 -0.000000 -0.000000
-0.999999 -0.000000 -0.000000
-0.999999 -0.000000 -0.000000
-0.999999 -0.000000 -0.000000
-0.999999 -0.000000 -0.000000
-0.999999 -0.000000 -0.000000
-0.999999 -0.000000 -0.000000
-0.999999 -0.000000 -0.000000
-0.999999 -0.000000 -0.000000
-0.999999 -0.000000 -0.000000
-0.999999 -0.000000 -0.000000
-0.999999 -0.000000 -0.000000
-0.999999 -0.000000 -0.000000
-0.999999 -0.000000 -0.000000
-0.999999 -0.000000 -0.000000
-0.999999 -0.000000 -0.000000
-0.999999 -0.000000 -0.000000
-0.999999 -0.000000 -0.000000
-0.999999 -0.000000 -0.000000
-0.999999 -0.000000 -0.000000
-0.999999 -0.000000 -0.000000
-0.999999 -0.000000 -0.000000
-0.999999 -0.000000 -0.000000
-0.999999 -0.000000 -0.000000
-0.999999 -0.000000 -0.000000
-0.999999 -0.000000 -0.000000
-0.999999 -0.000000 -0.000000
-0.999999 -0.000000 -0.000000
-0.999999 -0.000000 -0.000000
-0.999999 -0.000000 -0.000000
-0.999999 -0.000000 -0.000000
-0.999999 -0.000000 -0.000000
-0.999999 -0.000000 -0.000000
-0.999999 -0.000000 -0.000000
-0.999999 -0.000000 -0.000000
-0.999999 -0.000000 -0.000000
-0.999999 -0.000000 -0.000000
-0.999999 -0.000000 -0.000000
-0.999999 -0.000000 -0.000000
-0.999999 -0.000000 -0.000000
-0.999999 -0.000000 -0.000000
-0.999999 -0.000000 -0.000000
-0.999999 -0.000000 -0.000000
-0.999999 -0.000000 -0.000000
-0.999999 -0.000000 -0.000000
-0.999999 -0.000000 -0.000000
-0.999999 -0.000000 -0.000000
-0.999999 -0.000000 -0.000000
-0.999999 -0.000000 -0.000000
-0.999999 -0.000000 -0.000000
-0.999999 -0.000000 -0.000000
-0.999999 -0.000000 -0.000000
-0.999999 -0.000000 -0.000000
-0.999999 -0.000000 -0.000000
-0.999999 -0.000000 -0.000000
-0.999999 -0.000000 -0.000000
-0.999999 -0.000000 -0.000000
-0.999999 -0.000000 -0.000000
-0.999999 -0.000000 -0.000000
-0.999999 -0.000000 -0.000000
-0.999999 -0.000000 -0.000000
-0.999999 -0.000000 -0.000000
-0.999999 -0.000000 -0.000000
-0.999999 -0.000000 -0.000000
-0.999999 -0.000000 -0.000000
-0.999999 -0.000000 -0.000000
-0.999999 -0.000000 -0.000000
-0.999999 -0.000000 -0.000000
-0.999999 -0.000000 -0.000000
-0.999999 -0.000000 -0.000000
-0.999999 -0.000000 -0.000000
-0.999999 -0.000000 -0.000000
-0.999999 -0.000000 -0.000000
-0.999999 -0.000000 -0.000000
-0.999999 -0.000000 -0.000000
-0.999999 -0.000000 -0.000000
-0.999999 -0.000000 -0.000000
-0.999999 -0.000000 -0.000000
-0.999999 -0.000000 -0.000000
-0.999999 -0.000000 -0.000000
-0.999999 -0.000000 -0.000000
-0.999999 -0.000000 -0.000000
-0.999999 -0.000000 -0.000000
-0.999999 -0.000000 -0.000000
-0.999999 -0.000000 -0.000000
-0.999999 -0.000000 -0.000000
-0.999999 -0.000000 -0.000000
-0.999999 -0.000000 -0.000000
-0.999999 -0.000000 -0.000000
-0.999999 -0.000000 -0.000000
-0.999999 -0.000000 -0.000000
-0.999999 -0.000000 -0.000000
-0.999999 -0.000000 -0.000000
-0.999999 -0.000000 -0.000000
-0.999999 -0.000000 -0.000000
-0.999999 -0.000000 -0.000000
-0.999999 -0.000000 -0.000000
-0.999999 -0.000000 -0.000000
-0.999999 -0.000000 -0.000000
-0.999999 -0.000000 -0.000000
-0.999999 -0.000000 -0.000000
-0.999999 -0.000000 -0.000000
-0.999999 -0.000000 -0.000000
-0.999999 -0.000000 -0.000000
-0.999999 -0.000000 -0.000000
-0.999999 -0.000000 -0.000000
-0.999999 -0.000000 -0.000000
-0.999999 -0.000000 -0.000000
-0.999999 -0.000000 -0.000000
-0.999999 -0.000000 -0.000000
-0.999999 -0.000000 -0.000000
-0.999999 -0.000000 -0.000000
-0.999999 -0.000000 -0.000000
-0.999999 -0.000000 -0.000000
-0.999999 -0.000000 -0.000000
-0.999999 -0.000000 -0.000000
-0.999999 -0.000000 -0.000000
-0.999999 -0.000000 -0.000000
-0.999999 -0.000000 -0.000000
-0.999999 -0.000000 -0.000000
-0.999999 -0.000000 -0.000000
-0.999999 -0.000000 -0.000000
-0.999999 -0.000000 -0.000000
-0.999999 -0.000000 -0.000000
-0.999999 -0.000000 -0.000000
-0.999999 -0.000000 -0.000000
-0.999999 -0.000000 -0.000000
-0.999999 -0.000000 -0.000000
-0.999999 -0.000000 -0.000000
-0.999999 -0.000000 -0.000000
-0.999999 -0.000000 -0.000000
-0.999999 -0.000000 -0.000000
-0.999999 -0.000000 -0.000000
-0.999999 -0.000000 -0.000000
-0.999999 -0.000000 -0.000000
-0.999999 -0.000000 -0.000000
-0.999999 -0.000000 -0.000000
-0.979204 -0.000000 -0.000000
-0.854198 -0.000000 -0.000000
-0.729186 -0.000000 -0.000000
-0.604167 -0.000000 -0.000000
-0.479144 -0.000000 -0.000000
-0.354118 -0.000000 -0.000000
-0.229088 -0.000000 -0.000000
-0.104057 -0.000000 -0.000000
0.020974 0.000000 0.000000
0.146004 0.000000 0.000000
0.271032 0.000000 0.000000
0.396057 0.000000 0.000000
0.521078 0.000000 0.000000
0.646095 0.000000 0.000000
0.771106 0.000000 0.000000
0.896111 0.000000 0.000000
0.999999 0.000000 0.000000
0.999999 0.000000 0.000000
0.999999 0.000000 0.000000
0.999999 0.000000 0.000000
0.999999 0.000000 0.000000
0.999999 0.000000 0.000000
0.999999 0.000000 0.000000
0.999999 0.000000 0.000000
0.999999 0.000000 0.000000
0.999999 0.000000 0.000000
0.999999 0.000000 0.000000
0.999999 0.000000 0.000000
0.999999 0.000000 0.000000
0.999999 0.000000 0.000000
0.999999 0.000000 0.000000
0.999999 0.000000 0.000000
0.999999 0.000000 0.000000
0.999999 0.000000 0.000000
0.999999 0.000000 0.000000
0.999999 0.000000 0.000000
0.999999 0.000000 0.000000
0.999999 0.000000 0.000000
0.999999 0.000000 0.000000
0.999999 0.000000 0.000000
0.999999 0.000000 0.000000
0.999999 0.000000 0.000000
0.999999 0.000000 0.000000
0.999999 0.000000 0.000000
0.999999 0.000000 0.000000
0.999999 0.000000 0.000000
0.999999 0.000000 0.000000
0.999999 0.000000 0.000000
0.999999 0.000000 0.000000
0.999999 0.000000 0.000000
0.999999 0.000000 0.000000
0.999999 0.000000 0.000000
0.999999 0.000000 0.000000
0.999999 0.000000 0.000000
0.999999 0.000000 0.000000
0.999999 0.000000 0.000000
0.999999 0.000000 0.000000
0.999999 0.000000 0.000000
0.999999 0.000000 0.000000
0.999999 0.000000 0.000000
0.999999 0.000000 0.000000
0.999999 0.000000 0.000000
0.999999 0.000000 0.000000
0.999999 0.000000 0.000000
0.999999 0.000000 0.000000
0.999999 0.000000 0.000000
0.999999 0.000000 0.000000
0.999999 0.000000 0.000000
0.999999 0.000000 0.000000
0.999999 0.000000 0.000000
0.999999 0.000000 0.000000
0.999999 0.000000 0.000000
0.999999 0.000000 0.000000
0.999999 0.000000 0.000000
0.999999 0.000000 0.000000
0.999999 0.000000 0.000000
0.999999 0.000000 0.000000
0.999999 0.000000 0.000000
0.999999 0.000000 0.000000
0.999999 0.000000 0.000000
0.999999 0.000000 0.000000
0.999999 0.000000 0.000000
0.999999 0.000000 0.000000
0.999999 0.000000 0.000000
0.999999 0.000000 0.000000
0.999999 0.000000 0.000000
0.999999 0.000000 0.000000
0.999999 0.000000 0.000000
0.999999 0.000000 0.000000
0.999999 0.000000 0.000000
0.999999 0.000000 0.000000
0.999999 0.000000 0.000000
0.999999 0.000000 0.000000
0.999999 0.000000 0.000000
0.999999 0.000000 0.000000
0.999999 0.000000 0.000000
0.999999 0.000000 0.000000
0.999999 0.000000 0.000000
0.999999 0.000000 0.000000
0.999999 0.000000 0.000000
0.999999 0.000000 0.000000
0.999999 0.000000 0.000000
0.999999 0.000000 0.000000
0.999999 0.000000 0.000000
0.999999 0.000000 0.000000
0.999999 0.000000 0.000000
0.999999 0.000000 0.000000
0.999999 0.000000 0.000000
0.999999 0.000000 0.000000
0.999999 0.000000 0.000000
0.999999 0.000000 0.000000
0.999999 0.000000 0.000000
0.999999 0.000000 0.000000
0.999999 0.000000 0.000000
0.999999 0.000000 0.000000
0.999999 0.000000 0.000000
0.874993 0.000000 0.000000
0.749989 0.000000 0.000000
0.624986 0.000000 0.000000
0.499985 0.000000 0.000000
0.374986 0.000000 0.000000
0.249989 0.000000 0.000000
0.124994 0.000000 0.000000
-0.000000 -0.000000 -0.000000
