     101
0.000000 0.000000 0.000000
0.850000 0.000000 0.000000
1.000000 -0.000000 -0.000000
1.000000 0.000000 0.000000
1.000000 -0.000000 0.000000
1.000000 -0.000000 -0.000000
1.000000 0.000000 0.000000
1.000000 0.000000 -0.000000
1.000000 -0.000000 -0.000000
1.000000 0.000000 0.000000
1.000000 0.000000 -0.000000
1.000000 -0.000000 0.000000
1.000000 0.000000 -0.000000
1.000000 -0.000000 0.000000
1.000000 -0.000000 -0.000000
1.000000 0.000000 0.000000
0.905859 -0.000000 -0.000000
0.781906 -0.000000 0.000000
0.651802 0.000000 -0.000000
0.516569 0.000000 -0.000000
0.377273 -0.000000 0.000000
0.235010 -0.000000 -0.000000
0.090896 0.000000 -0.000000
-0.053932 -0.000000 0.000000
-0.198336 0.000000 0.000000
-0.341180 0.000000 -0.000000
-0.481340 -0.000000 0.000000
-0.617712 -0.000000 0.000000
-0.749226 0.000000 -0.000000
-0.874843 0.000000 -0.000000
-0.993579 -0.000000 0.000000
-1.000000 -0.000000 0.000000
-1.000000 0.000000 0.000000
-1.000000 0.000000 -0.000000
-1.000000 -0.000000 -0.000000
-1.000000 0.000000 0.000000
-1.000000 -0.000000 -0.000000
-1.000000 -0.000000 -0.000000
-1.000000 0.000000 0.000000
-1.000000 0.000000 0.000000
-1.000000 -0.000000 0.000000
-1.000000 -0.000000 -0.000000
-1.000000 0.000000 -0.000000
-1.000000 -0.000000 0.000000
-1.000000 -0.000000 -0.000000
-1.000000 0.000000 0.000000
-1.000000 -0.000000 -0.000000
-0.850000 0.000000 0.000000
0.000000 -0.000000 -0.000000
0.000000 0.000000 0.000000
0.000000 0.000000 -0.000000
0.000000 -0.000000 0.000000
0.000000 -0.000000 -0.000000
0.000000 -0.000000 -0.000000
0.000000 -0.000000 -0.000000
0.000000 0.000000 -0.000000
0.000000 -0.000000 0.000000
0.000000 -0.000000 -0.000000
0.000000 -0.000000 0.000000
0.000000 0.000000 -0.000000
0.000000 -0.000000 0.000000
-0.850000 -0.000000 -0.000000
-1.000000 0.000000 0.000000
-1.000000 -0.000000 0.000000
-1.000000 -0.000000 -0.000000
-1.000000 -0.000000 -0.000000
-1.000000 0.000000 0.000000
-1.000000 -0.000000 -0.000000
-1.000000 -0.000000 0.000000
-1.000000 0.000000 -0.000000
-1.000000 -0.000000 0.000000
-1.000000 0.000000 -0.000000
-1.000000 0.000000 0.000000
-1.000000 -0.000000 -0.000000
-1.000000 -0.000000 0.000000
-1.000000 0.000000 -0.000000
-1.000000 -0.000000 0.000000
-1.000000 -0.000000 0.000000
-0.549583 -0.000000 0.000000
0.300417 0.000000 -0.000000
1.000000 0.000000 0.000000
1.000000 -0.000000 -0.000000
1.000000 0.000000 0.000000
1.000000 0.000000 -0.000000
1.000000 -0.000000 0.000000
1.000000 0.000000 0.000000
1.000000 -0.000000 0.000000
1.000000 -0.000000 -0.000000
1.000000 0.000000 -0.000000
1.000000 -0.000000 -0.000000
1.000000 0.000000 0.000000
1.000000 -0.000000 0.000000
1.000000 0.000000 -0.000000
1.000000 -0.000000 -0.000000
1.000000 0.000000 0.000000
1.000000 0.000000 0.000000
1.000000 -0.000000 -0.000000
1.000000 -0.000000 0.000000
1.000000 0.000000 -0.000000
0.850000 0.000000 0.000000
0.000000 0.000000 0.000000
