     101
0.000000 0.000000 0.000000
-0.525000 0.000000 0.000000
-1.000000 -0.000000 0.000000
-1.000000 0.000000 0.000000
-1.000000 0.000000 0.000000
-1.000000 0.000000 0.000000
-1.000000 0.000000 0.000000
-1.000000 -0.000000 0.000000
-1.000000 0.000000 0.000000
-1.000000 -0.000000 0.000000
-1.000000 -0.000000 0.000000
-1.000000 0.000000 0.000000
-1.000000 -0.000000 0.000000
-1.000000 -0.000000 0.000000
-1.000000 0.000000 0.000000
-1.000000 -0.000000 0.000000
-1.000000 0.000000 0.000000
-1.000000 -0.000000 0.000000
-1.000000 -0.000000 0.000000
-1.000000 0.000000 0.000000
-1.000000 -0.000000 0.000000
-1.000000 0.000000 0.000000
-1.000000 0.000000 0.000000
-1.000000 -0.000000 0.000000
-1.000000 0.000000 0.000000
-1.000000 -0.000000 0.000000
-1.000000 0.000000 0.000000
-1.000000 -0.000000 0.000000
-0.989104 0.000000 0.000000
-0.920239 -0.000000 0.000000
-0.849074 -0.000000 0.000000
-0.775789 0.000000 0.000000
-0.700553 0.000000 0.000000
-0.623565 -0.000000 0.000000
-0.545019 0.000000 0.000000
-0.465110 -0.000000 0.000000
-0.384035 -0.000000 0.000000
-0.302004 0.000000 0.000000
-0.219214 -0.000000 0.000000
-0.135875 0.000000 0.000000
-0.052195 -0.000000 0.000000
0.031618 0.000000 0.000000
0.115348 -0.000000 0.000000
0.198792 -0.000000 0.000000
0.281736 0.000000 0.000000
0.363976 0.000000 0.000000
0.445305 -0.000000 0.000000
0.000000 0.000000 0.000000
0.000000 0.000000 0.000000
0.000000 -0.000000 0.000000
0.000000 -0.000000 0.000000
0.000000 -0.000000 0.000000
0.000000 0.000000 0.000000
0.000000 0.000000 0.000000
0.000000 -0.000000 0.000000
0.000000 -0.000000 0.000000
0.000000 0.000000 0.000000
0.000000 0.000000 0.000000
0.000000 0.000000 0.000000
0.000000 -0.000000 0.000000
0.000000 -0.000000 0.000000
0.000000 0.000000 0.000000
0.000000 0.000000 0.000000
0.000000 0.000000 0.000000
0.000000 0.000000 0.000000
0.000000 0.000000 0.000000
0.000000 0.000000 -0.000000
0.525000 0.000000 -0.000000
1.000000 0.000000 0.000000
1.000000 0.000000 0.000000
1.000000 0.000000 0.000000
1.000000 0.000000 0.000000
1.000000 0.000000 0.000000
1.000000 0.000000 0.000000
1.000000 0.000000 0.000000
1.000000 0.000000 0.000000
1.000000 0.000000 0.000000
1.000000 0.000000 0.000000
1.000000 0.000000 0.000000
1.000000 0.000000 0.000000
1.000000 0.000000 0.000000
1.000000 0.000000 0.000000
1.000000 0.000000 0.000000
1.000000 0.000000 0.000000
1.000000 0.000000 0.000000
1.000000 0.000000 0.000000
1.000000 0.000000 0.000000
1.000000 0.000000 0.000000
1.000000 0.000000 0.000000
1.000000 0.000000 0.000000
1.000000 0.000000 0.000000
1.000000 0.000000 0.000000
1.000000 0.000000 0.000000
1.000000 0.000000 0.000000
1.000000 0.000000 0.000000
1.000000 0.000000 0.000000
1.000000 0.000000 0.000000
1.000000 0.000000 0.000000
1.000000 0.000000 0.000000
0.525000 0.000000 0.000000
0.000000 0.000000 0.000000
