     101
0.000000 0.000000 0.000000
0.850000 -0.000000 0.000000
1.000000 0.000000 -0.000000
1.000000 -0.000000 0.000000
1.000000 -0.000000 0.000000
1.000000 0.000000 -0.000000
1.000000 -0.000000 -0.000000
1.000000 0.000000 0.000000
1.000000 -0.000000 -0.000000
1.000000 0.000000 -0.000000
1.000000 0.000000 0.000000
1.000000 -0.000000 0.000000
1.000000 0.000000 0.000000
1.000000 -0.000000 -0.000000
1.000000 0.000000 -0.000000
1.000000 0.000000 -0.000000
1.000000 -0.000000 0.000000
1.000000 -0.000000 -0.000000
1.000000 -0.000000 0.000000
1.000000 0.000000 -0.000000
1.000000 0.000000 0.000000
1.000000 0.000000 -0.000000
0.400000 -0.000000 0.000000
-0.450000 -0.000000 -0.000000
-1.000000 0.000000 0.000000
-1.000000 -0.000000 0.000000
-1.000000 0.000000 -0.000000
-1.000000 -0.000000 0.000000
-1.000000 -0.000000 0.000000
-1.000000 -0.000000 -0.000000
-1.000000 -0.000000 0.000000
-1.000000 -0.000000 -0.000000
-1.000000 0.000000 0.000000
-1.000000 -0.000000 -0.000000
-1.000000 0.000000 -0.000000
-1.000000 -0.000000 0.000000
-1.000000 0.000000 0.000000
-1.000000 -0.000000 -0.000000
-1.000000 -0.000000 -0.000000
-1.000000 0.000000 -0.000000
-1.000000 -0.000000 -0.000000
-1.000000 0.000000 0.000000
-1.000000 0.000000 -0.000000
-1.000000 -0.000000 -0.000000
-1.000000 0.000000 0.000000
-1.000000 0.000000 0.000000
-1.000000 -0.000000 -0.000000
-0.850000 0.000000 0.000000
0.000000 0.000000 0.000000
0.000000 0.000000 0.000000
0.000000 0.000000 0.000000
0.000000 0.000000 0.000000
0.000000 0.000000 0.000000
0.000000 0.000000 0.000000
0.000000 0.000000 0.000000
0.000000 0.000000 0.000000
0.000000 0.000000 0.000000
0.000000 0.000000 0.000000
0.000000 0.000000 0.000000
0.000000 0.000000 0.000000
0.000000 0.000000 0.000000
-0.850000 -0.000000 0.000000
-1.000000 -0.000000 0.000000
-1.000000 -0.000000 -0.000000
-1.000000 0.000000 -0.000000
-1.000000 -0.000000 0.000000
-1.000000 0.000000 -0.000000
-1.000000 -0.000000 0.000000
-1.000000 -0.000000 0.000000
-1.000000 0.000000 -0.000000
-1.000000 0.000000 -0.000000
-1.000000 -0.000000 0.000000
-1.000000 0.000000 -0.000000
-1.000000 -0.000000 0.000000
-1.000000 -0.000000 -0.000000
-1.000000 -0.000000 0.000000
-1.000000 0.000000 0.000000
-1.000000 -0.000000 0.000000
-0.400000 0.000000 -0.000000
0.450000 -0.000000 -0.000000
1.000000 0.000000 0.000000
1.000000 0.000000 0.000000
1.000000 -0.000000 -0.000000
1.000000 -0.000000 0.000000
1.000000 0.000000 -0.000000
1.000000 -0.000000 -0.000000
1.000000 0.000000 0.000000
1.000000 -0.000000 -0.000000
1.000000 0.000000 0.000000
1.000000 0.000000 -0.000000
1.000000 -0.000000 -0.000000
1.000000 -0.000000 0.000000
1.000000 0.000000 0.000000
1.000000 -0.000000 -0.000000
1.000000 0.000000 -0.000000
1.000000 -0.000000 0.000000
1.000000 0.000000 -0.000000
1.000000 -0.000000 0.000000
1.000000 -0.000000 -0.000000
0.850000 0.000000 0.000000
0.000000 0.000000 0.000000
