     161
-0.000000 -0.000000 -0.000000
-0.625000 -0.000000 -0.000000
-1.000000 -0.000000 -0.000000
-1.000000 -0.000000 -0.000000
-1.000000 -0.000000 -0.000000
-1.000000 -0.000000 -0.000000
-1.000000 -0.000000 -0.000000
-1.000000 -0.000000 -0.000000
-1.000000 -0.000000 -0.000000
-1.000000 -0.000000 -0.000000
-1.000000 -0.000000 -0.000000
-1.000000 -0.000000 -0.000000
-1.000000 -0.000000 -0.000000
-1.000000 -0.000000 -0.000000
-1.000000 -0.000000 -0.000000
-1.000000 -0.000000 -0.000000
-1.000000 -0.000000 -0.000000
-0.991501 -0.000000 -0.000000
-0.896645 -0.000000 -0.000000
-0.797698 -0.000000 -0.000000
-0.695116 -0.000000 -0.000000
-0.589365 -0.000000 -0.000000
-0.480923 -0.000000 -0.000000
-0.370290 -0.000000 -0.000000
-0.257968 -0.000000 -0.000000
-0.144470 -0.000000 -0.000000
-0.030312 -0.000000 -0.000000
0.083983 0.000000 0.000000
0.197894 0.000000 0.000000
0.310904 0.000000 0.000000
0.422497 0.000000 0.000000
0.532162 0.000000 0.000000
0.639401 0.000000 0.000000
0.743725 0.000000 0.000000
0.844654 0.000000 0.000000
0.941736 0.000000 0.000000
1.000000 0.000000 0.000000
1.000000 0.000000 0.000000
1.000000 0.000000 0.000000
1.000000 0.000000 0.000000
1.000000 0.000000 0.000000
1.000000 0.000000 0.000000
1.000000 0.000000 0.000000
1.000000 0.000000 0.000000
1.000000 0.000000 0.000000
1.000000 0.000000 0.000000
1.000000 0.000000 0.000000
1.000000 0.000000 0.000000
1.000000 0.000000 0.000000
1.000000 0.000000 0.000000
1.000000 0.000000 0.000000
1.000000 0.000000 0.000000
1.000000 0.000000 0.000000
1.000000 0.000000 0.000000
1.000000 0.000000 0.000000
1.000000 0.000000 0.000000
1.000000 0.000000 0.000000
1.000000 0.000000 0.000000
1.000000 0.000000 0.000000
1.000000 0.000000 0.000000
1.000000 0.000000 0.000000
1.000000 0.000000 0.000000
1.000000 0.000000 0.000000
1.000000 0.000000 0.000000
1.000000 0.000000 0.000000
1.000000 0.000000 0.000000
1.000000 0.000000 0.000000
1.000000 0.000000 0.000000
1.000000 0.000000 0.000000
1.000000 0.000000 0.000000
1.000000 0.000000 0.000000
1.000000 0.000000 0.000000
1.000000 0.000000 0.000000
1.000000 0.000000 0.000000
1.000000 0.000000 0.000000
1.000000 0.000000 0.000000
0.625000 0.000000 0.000000
0.000000 0.000000 0.000000
0.000000 0.000000 0.000000
0.000000 0.000000 0.000000
0.000000 0.000000 0.000000
0.000000 0.000000 0.000000
0.000000 0.000000 0.000000
0.000000 0.000000 0.000000
0.000000 0.000000 0.000000
0.000000 0.000000 0.000000
0.000000 0.000000 0.000000
0.000000 0.000000 0.000000
0.000000 0.000000 0.000000
0.000000 0.000000 0.000000
0.000000 0.000000 0.000000
0.000000 0.000000 0.000000
0.000000 0.000000 0.000000
0.000000 0.000000 0.000000
-0.625000 -0.000000 -0.000000
-1.000000 -0.000000 -0.000000
-1.000000 -0.000000 -0.000000
-1.000000 -0.000000 -0.000000
-1.000000 -0.000000 -0.000000
-1.000000 -0.000000 -0.000000
-1.000000 -0.000000 -0.000000
-1.000000 -0.000000 -0.000000
-1.000000 -0.000000 -0.000000
-1.000000 -0.000000 -0.000000
-1.000000 -0.000000 -0.000000
-1.000000 -0.000000 -0.000000
-1.000000 -0.000000 -0.000000
-1.000000 -0.000000 -0.000000
-1.000000 -0.000000 -0.000000
-1.000000 -0.000000 -0.000000
-1.000000 -0.000000 -0.000000
-1.000000 -0.000000 -0.000000
-1.000000 -0.000000 -0.000000
-1.000000 -0.000000 -0.000000
-1.000000 -0.000000 -0.000000
-1.000000 -0.000000 -0.000000
-1.000000 -0.000000 -0.000000
-1.000000 -0.000000 -0.000000
-1.000000 -0.000000 -0.000000
-1.000000 -0.000000 -0.000000
-1.000000 -0.000000 -0.000000
-1.000000 -0.000000 -0.000000
-1.000000 -0.000000 -0.000000
-1.000000 -0.000000 -0.000000
-1.000000 -0.000000 -0.000000
-1.000000 -0.000000 -0.000000
-1.000000 -0.000000 -0.000000
-1.000000 -0.000000 -0.000000
-1.000000 -0.000000 -0.000000
-1.000000 -0.000000 -0.000000
-1.000000 -0.000000 -0.000000
-1.000000 -0.000000 -0.000000
-1.000000 -0.000000 -0.000000
-1.000000 -0.000000 -0.000000
-1.000000 -0.000000 -0.000000
-1.000000 -0.000000 -0.000000
-1.000000 -0.000000 -0.000000
-1.000000 -0.000000 -0.000000
-0.445890 -0.000000 -0.000000
0.179110 0.000000 0.000000
0.804110 0.000000 0.000000
1.000000 0.000000 0.000000
1.000000 0.000000 0.000000
1.000000 0.000000 0.000000
1.000000 0.000000 0.000000
1.000000 0.000000 0.000000
1.000000 0.000000 0.000000
1.000000 0.000000 0.000000
1.000000 0.000000 0.000000
1.000000 0.000000 0.000000
1.000000 0.000000 0.000000
1.000000 0.000000 0.000000
1.000000 0.000000 0.000000
1.000000 0.000000 0.000000
1.000000 0.000000 0.000000
1.000000 0.000000 0.000000
1.000000 0.000000 0.000000
1.000000 0.000000 0.000000
1.000000 0.000000 0.000000
0.625000 0.000000 0.000000
-0.000000 -0.000000 -0.000000
