     165
0.000000 0.000000 0.000000
-0.625000 -0.000000 -0.000000
-1.000000 -0.000000 -0.000000
-1.000000 -0.000000 -0.000000
-1.000000 -0.000000 -0.000000
-1.000000 -0.000000 -0.000000
-1.000000 -0.000000 -0.000000
-1.000000 -0.000000 -0.000000
-1.000000 -0.000000 -0.000000
-1.000000 -0.000000 -0.000000
-1.000000 -0.000000 -0.000000
-1.000000 -0.000000 -0.000000
-1.000000 -0.000000 -0.000000
-1.000000 -0.000000 -0.000000
-1.000000 -0.000000 -0.000000
-1.000000 -0.000000 -0.000000
-1.000000 -0.000000 -0.000000
-1.000000 -0.000000 -0.000000
-1.000000 -0.000000 -0.000000
-1.000000 -0.000000 -0.000000
-0.866124 -0.000000 -0.000000
-0.661019 -0.000000 -0.000000
-0.447478 -0.000000 -0.000000
-0.227872 -0.000000 -0.000000
-0.004665 -0.000000 -0.000000
0.219645 0.000000 0.000000
0.442552 0.000000 0.000000
0.661561 0.000000 0.000000
0.874239 0.000000 0.000000
1.000000 0.000000 0.000000
1.000000 0.000000 0.000000
1.000000 0.000000 0.000000
1.000000 0.000000 0.000000
1.000000 0.000000 0.000000
1.000000 0.000000 0.000000
1.000000 0.000000 0.000000
1.000000 0.000000 0.000000
1.000000 0.000000 0.000000
1.000000 0.000000 0.000000
1.000000 0.000000 0.000000
1.000000 0.000000 0.000000
1.000000 0.000000 0.000000
1.000000 0.000000 0.000000
1.000000 0.000000 0.000000
1.000000 0.000000 0.000000
1.000000 0.000000 0.000000
1.000000 0.000000 0.000000
1.000000 0.000000 0.000000
1.000000 0.000000 0.000000
1.000000 0.000000 0.000000
1.000000 0.000000 0.000000
1.000000 0.000000 0.000000
1.000000 0.000000 0.000000
1.000000 0.000000 0.000000
1.000000 0.000000 0.000000
1.000000 0.000000 0.000000
1.000000 0.000000 0.000000
1.000000 0.000000 0.000000
1.000000 0.000000 0.000000
1.000000 0.000000 0.000000
1.000000 0.000000 0.000000
1.000000 0.000000 0.000000
1.000000 0.000000 0.000000
1.000000 0.000000 0.000000
1.000000 0.000000 0.000000
1.000000 0.000000 0.000000
1.000000 0.000000 0.000000
1.000000 0.000000 0.000000
1.000000 0.000000 0.000000
0.935495 0.000000 0.000000
0.725123 0.000000 0.000000
0.507699 0.000000 0.000000
0.285659 0.000000 0.000000
0.061472 0.000000 0.000000
-0.162346 -0.000000 -0.000000
-0.383293 -0.000000 -0.000000
-0.598897 -0.000000 -0.000000
-0.806760 -0.000000 -0.000000
-0.625000 -0.000000 -0.000000
0.000000 0.000000 0.000000
0.000000 0.000000 0.000000
0.000000 0.000000 0.000000
0.000000 0.000000 0.000000
0.000000 0.000000 0.000000
0.000000 0.000000 0.000000
0.000000 0.000000 0.000000
0.000000 0.000000 0.000000
0.000000 0.000000 0.000000
0.000000 0.000000 0.000000
0.000000 0.000000 0.000000
0.000000 0.000000 0.000000
0.000000 0.000000 0.000000
0.000000 0.000000 0.000000
0.000000 0.000000 0.000000
0.000000 0.000000 0.000000
0.000000 0.000000 0.000000
-0.625000 -0.000000 -0.000000
-1.000000 -0.000000 -0.000000
-1.000000 -0.000000 -0.000000
-1.000000 -0.000000 -0.000000
-1.000000 -0.000000 -0.000000
-1.000000 -0.000000 -0.000000
-1.000000 -0.000000 -0.000000
-1.000000 -0.000000 -0.000000
-1.000000 -0.000000 -0.000000
-1.000000 -0.000000 -0.000000
-1.000000 -0.000000 -0.000000
-1.000000 -0.000000 -0.000000
-1.000000 -0.000000 -0.000000
-1.000000 -0.000000 -0.000000
-1.000000 -0.000000 -0.000000
-1.000000 -0.000000 -0.000000
-1.000000 -0.000000 -0.000000
-1.000000 -0.000000 -0.000000
-1.000000 -0.000000 -0.000000
-1.000000 -0.000000 -0.000000
-1.000000 -0.000000 -0.000000
-1.000000 -0.000000 -0.000000
-1.000000 -0.000000 -0.000000
-1.000000 -0.000000 -0.000000
-1.000000 -0.000000 -0.000000
-1.000000 -0.000000 -0.000000
-1.000000 -0.000000 -0.000000
-1.000000 -0.000000 -0.000000
-1.000000 -0.000000 -0.000000
-1.000000 -0.000000 -0.000000
-1.000000 -0.000000 -0.000000
-1.000000 -0.000000 -0.000000
-1.000000 -0.000000 -0.000000
-1.000000 -0.000000 -0.000000
-1.000000 -0.000000 -0.000000
-1.000000 -0.000000 -0.000000
-1.000000 -0.000000 -0.000000
-1.000000 -0.000000 -0.000000
-1.000000 -0.000000 -0.000000
-1.000000 -0.000000 -0.000000
-1.000000 -0.000000 -0.000000
-1.000000 -0.000000 -0.000000
-1.000000 -0.000000 -0.000000
-0.726664 -0.000000 -0.000000
-0.101664 -0.000000 -0.000000
0.523336 0.000000 0.000000
1.000000 0.000000 0.000000
1.000000 0.000000 0.000000
1.000000 0.000000 0.000000
1.000000 0.000000 0.000000
1.000000 0.000000 0.000000
1.000000 0.000000 0.000000
1.000000 0.000000 0.000000
1.000000 0.000000 0.000000
1.000000 0.000000 0.000000
1.000000 0.000000 0.000000
1.000000 0.000000 0.000000
1.000000 0.000000 0.000000
1.000000 0.000000 0.000000
1.000000 0.000000 0.000000
1.000000 0.000000 0.000000
1.000000 0.000000 0.000000
1.000000 0.000000 0.000000
1.000000 0.000000 0.000000
1.000000 0.000000 0.000000
1.000000 0.000000 0.000000
1.000000 0.000000 0.000000
0.625000 0.000000 0.000000
-0.000000 -0.000000 -0.000000
