     145
0.000000 0.000000 0.000000
0.625000 0.000000 0.000000
1.000000 0.000000 0.000000
1.000000 0.000000 0.000000
1.000000 0.000000 0.000000
1.000000 0.000000 0.000000
1.000000 0.000000 0.000000
1.000000 0.000000 0.000000
1.000000 0.000000 0.000000
1.000000 0.000000 0.000000
1.000000 0.000000 0.000000
1.000000 0.000000 0.000000
1.000000 0.000000 0.000000
1.000000 0.000000 0.000000
1.000000 0.000000 0.000000
1.000000 0.000000 0.000000
1.000000 0.000000 0.000000
1.000000 0.000000 0.000000
1.000000 0.000000 0.000000
1.000000 0.000000 0.000000
1.000000 0.000000 0.000000
1.000000 0.000000 0.000000
1.000000 0.000000 0.000000
1.000000 0.000000 0.000000
1.000000 0.000000 0.000000
1.000000 0.000000 0.000000
1.000000 0.000000 0.000000
1.000000 0.000000 0.000000
1.000000 0.000000 0.000000
1.000000 0.000000 0.000000
1.000000 0.000000 0.000000
1.000000 0.000000 0.000000
1.000000 0.000000 0.000000
1.000000 0.000000 0.000000
1.000000 0.000000 0.000000
1.000000 0.000000 0.000000
1.000000 0.000000 0.000000
1.000000 0.000000 0.000000
1.000000 0.000000 0.000000
1.000000 0.000000 0.000000
1.000000 0.000000 0.000000
1.000000 0.000000 0.000000
1.000000 0.000000 0.000000
1.000000 0.000000 0.000000
1.000000 0.000000 0.000000
1.000000 0.000000 0.000000
1.000000 0.000000 0.000000
1.000000 0.000000 0.000000
1.000000 0.000000 0.000000
1.000000 0.000000 0.000000
1.000000 0.000000 0.000000
1.000000 0.000000 0.000000
1.000000 0.000000 0.000000
1.000000 0.000000 0.000000
1.000000 0.000000 0.000000
0.924898 0.000000 0.000000
0.826385 0.000000 0.000000
0.726379 0.000000 0.000000
0.625059 0.000000 0.000000
0.522610 0.000000 0.000000
0.419217 0.000000 0.000000
0.315069 0.000000 0.000000
0.210351 0.000000 0.000000
0.105252 0.000000 0.000000
-0.000037 -0.000000 -0.000000
-0.105328 -0.000000 -0.000000
-0.210423 -0.000000 -0.000000
-0.315142 -0.000000 -0.000000
-0.419291 -0.000000 -0.000000
0.000000 0.000000 0.000000
0.000000 0.000000 0.000000
0.000000 0.000000 0.000000
0.000000 0.000000 0.000000
0.000000 0.000000 0.000000
0.000000 0.000000 0.000000
0.000000 0.000000 0.000000
0.000000 0.000000 0.000000
0.000000 0.000000 0.000000
0.000000 0.000000 0.000000
0.000000 0.000000 0.000000
0.000000 0.000000 0.000000
0.000000 0.000000 0.000000
0.000000 0.000000 0.000000
0.000000 0.000000 0.000000
0.000000 0.000000 0.000000
0.000000 0.000000 0.000000
-0.625000 -0.000000 -0.000000
-1.000000 -0.000000 -0.000000
-1.000000 -0.000000 -0.000000
-1.000000 -0.000000 -0.000000
-1.000000 -0.000000 -0.000000
-1.000000 -0.000000 -0.000000
-1.000000 -0.000000 -0.000000
-1.000000 -0.000000 -0.000000
-1.000000 -0.000000 -0.000000
-1.000000 -0.000000 -0.000000
-1.000000 -0.000000 -0.000000
-1.000000 -0.000000 -0.000000
-1.000000 -0.000000 -0.000000
-1.000000 -0.000000 -0.000000
-1.000000 -0.000000 -0.000000
-1.000000 -0.000000 -0.000000
-1.000000 -0.000000 -0.000000
-1.000000 -0.000000 -0.000000
-1.000000 -0.000000 -0.000000
-1.000000 -0.000000 -0.000000
-1.000000 -0.000000 -0.000000
-1.000000 -0.000000 -0.000000
-1.000000 -0.000000 -0.000000
-1.000000 -0.000000 -0.000000
-1.000000 -0.000000 -0.000000
-1.000000 -0.000000 -0.000000
-1.000000 -0.000000 -0.000000
-1.000000 -0.000000 -0.000000
-1.000000 -0.000000 -0.000000
-1.000000 -0.000000 -0.000000
-1.000000 -0.000000 -0.000000
-1.000000 -0.000000 -0.000000
-1.000000 -0.000000 -0.000000
-1.000000 -0.000000 -0.000000
-1.000000 -0.000000 -0.000000
-1.000000 -0.000000 -0.000000
-1.000000 -0.000000 -0.000000
-1.000000 -0.000000 -0.000000
-1.000000 -0.000000 -0.000000
-1.000000 -0.000000 -0.000000
-1.000000 -0.000000 -0.000000
-1.000000 -0.000000 -0.000000
-1.000000 -0.000000 -0.000000
-1.000000 -0.000000 -0.000000
-1.000000 -0.000000 -0.000000
-1.000000 -0.000000 -0.000000
-1.000000 -0.000000 -0.000000
-1.000000 -0.000000 -0.000000
-1.000000 -0.000000 -0.000000
-1.000000 -0.000000 -0.000000
-1.000000 -0.000000 -0.000000
-1.000000 -0.000000 -0.000000
-1.000000 -0.000000 -0.000000
-1.000000 -0.000000 -0.000000
-1.000000 -0.000000 -0.000000
-1.000000 -0.000000 -0.000000
-1.000000 -0.000000 -0.000000
-0.625000 -0.000000 -0.000000
-0.000000 -0.000000 -0.000000
