      51
0.000000 0.000000 0.000000
-0.960000 0.960000 -0.495272
-1.000000 1.000000 -0.502684
-1.000000 1.000000 -0.432737
-1.000000 0.866082 -0.301725
-1.000000 0.499981 -0.108249
-0.107100 0.388974 0.580390
0.660868 0.223319 1.000000
0.606969 -0.225948 1.000000
0.472025 -0.678958 1.000000
0.419805 -1.000000 1.000000
0.666129 -1.000000 1.000000
0.826924 -1.000000 1.000000
0.655867 -1.000000 0.771784
-0.184497 -1.000000 -0.038925
-1.000000 -1.000000 -0.844654
-1.000000 -1.000000 -1.000000
-0.847561 -1.000000 -1.000000
-0.437458 -1.000000 -1.000000
0.522542 -0.314655 -0.966763
1.000000 0.225033 -0.860130
1.000000 0.579873 -0.958179
1.000000 0.879916 -0.996799
0.960000 0.960000 -0.960000
0.000000 0.000000 0.000000
0.000000 0.000000 0.000000
0.000000 0.000000 0.000000
0.000000 0.000000 0.000000
0.000000 0.000000 0.000000
0.000000 0.000000 0.000000
0.000000 0.000000 0.000000
0.960000 0.960000 -0.960000
1.000000 1.000000 -1.000000
1.000000 1.000000 -0.263553
0.215505 1.000000 0.696447
-0.744495 1.000000 1.000000
-1.000000 1.000000 1.000000
-0.040000 1.000000 1.000000
0.920000 0.333286 1.000000
1.000000 -0.626714 1.000000
1.000000 -1.000000 1.000000
1.000000 -1.000000 1.000000
0.677239 -1.000000 1.000000
-0.282761 -1.000000 1.000000
-1.000000 -1.000000 0.280525
-1.000000 -1.000000 -0.679475
-1.000000 -0.475095 -1.000000
-1.000000 0.484905 -1.000000
-1.000000 1.000000 -1.000000
-0.960000 0.960000 -0.960000
0.000000 0.000000 0.000000
