      51
0.000000 0.000000 0.000000
0.901147 0.960000 0.960000
0.698697 1.000000 1.000000
0.518059 1.000000 0.850329
0.620787 0.810651 -0.109671
0.146707 -0.149349 0.234619
-0.180075 -1.000000 0.221741
-0.083957 -1.000000 -0.738259
-0.237287 -1.000000 -1.000000
-0.453757 -1.000000 -1.000000
-0.617564 -1.000000 -1.000000
-0.797445 -1.000000 -0.813045
-1.000000 -1.000000 -0.181339
-1.000000 -1.000000 0.253792
-1.000000 -0.942817 0.800365
-1.000000 0.017183 0.922932
-0.993225 0.977183 0.974425
-0.618052 1.000000 0.671016
0.029363 1.000000 -0.288984
0.552711 1.000000 -1.000000
0.742319 1.000000 -1.000000
0.879851 1.000000 -1.000000
0.958590 1.000000 -1.000000
0.958860 0.960000 -0.960000
0.000000 0.000000 0.000000
0.000000 0.000000 0.000000
0.000000 0.000000 0.000000
0.000000 0.000000 0.000000
0.000000 0.000000 0.000000
0.000000 0.000000 0.000000
0.000000 0.000000 0.000000
0.960000 -0.960000 -0.960000
1.000000 -1.000000 -0.611670
1.000000 -1.000000 0.348330
1.000000 -1.000000 1.000000
1.000000 -1.000000 1.000000
1.000000 -1.000000 1.000000
0.196263 -0.821301 1.000000
-0.763737 0.138699 1.000000
-1.000000 1.000000 1.000000
-1.000000 1.000000 1.000000
-1.000000 1.000000 1.000000
-1.000000 1.000000 1.000000
-1.000000 1.000000 0.352767
-1.000000 1.000000 -0.607233
-1.000000 0.949916 -1.000000
-0.169128 -0.010084 -1.000000
0.790872 -0.970084 -0.360114
1.000000 -1.000000 -1.000000
0.960000 -0.960000 -0.960000
0.000000 0.000000 0.000000
