      51
0.000000 0.000000 0.000000
-0.960000 -0.960000 -0.630448
-1.000000 -0.997335 -0.454231
-1.000000 -0.894736 -0.217380
-1.000000 -0.752784 0.107391
-1.000000 -0.572554 0.484130
-1.000000 -0.355522 0.870910
-0.433502 -0.017937 1.000000
0.305290 0.357552 1.000000
0.957438 0.685052 1.000000
1.000000 0.933259 1.000000
1.000000 1.000000 1.000000
1.000000 1.000000 0.924803
1.000000 1.000000 0.470135
1.000000 1.000000 -0.120232
1.000000 1.000000 -0.787712
1.000000 1.000000 -1.000000
0.667791 1.000000 -1.000000
0.149043 0.681538 -1.000000
-0.353688 0.321283 -1.000000
-0.779302 -0.025441 -1.000000
-1.000000 -0.331317 -1.000000
-1.000000 -0.575605 -1.000000
-0.960000 -0.761009 -0.960000
0.000000 0.000000 0.000000
0.000000 0.000000 0.000000
0.000000 0.000000 0.000000
0.000000 0.000000 0.000000
0.000000 0.000000 0.000000
0.000000 0.000000 0.000000
0.000000 0.000000 0.000000
-0.876892 -0.960000 -0.960000
0.083108 -1.000000 -1.000000
1.000000 -1.000000 -1.000000
1.000000 -1.000000 -1.000000
1.000000 -1.000000 -0.040000
1.000000 -1.000000 0.920000
1.000000 -1.000000 1.000000
1.000000 -1.000000 1.000000
1.000000 -0.920000 1.000000
1.000000 0.040000 1.000000
1.000000 1.000000 1.000000
0.060357 1.000000 1.000000
-0.899643 1.000000 1.000000
-1.000000 1.000000 1.000000
-1.000000 0.040000 0.656318
-1.000000 -0.920000 -0.303682
-1.000000 0.032779 -1.000000
-1.000000 0.992779 -1.000000
-0.960000 0.960000 -0.960000
0.000000 0.000000 0.000000
