      51
0.000000 0.000000 0.000000
0.960000 -0.043442 -0.960000
1.000000 -0.050631 -1.000000
1.000000 -0.005248 -1.000000
1.000000 0.184546 -0.830950
1.000000 0.960632 0.129050
1.000000 1.000000 0.438652
1.000000 1.000000 0.696329
1.000000 1.000000 0.950258
0.997282 1.000000 1.000000
0.418190 1.000000 1.000000
-0.156358 0.830295 1.000000
-0.689398 0.479154 1.000000
-1.000000 0.082532 1.000000
-1.000000 -0.339215 1.000000
-1.000000 -0.762461 1.000000
-1.000000 -1.000000 0.908788
-1.000000 -1.000000 0.787371
-1.000000 -1.000000 0.628573
-1.000000 -1.000000 0.436821
-1.000000 -1.000000 0.217403
-1.000000 -1.000000 -0.023618
-0.931495 -1.000000 -0.316540
-0.430371 -0.960000 -0.808382
0.000000 0.000000 0.000000
0.000000 0.000000 0.000000
0.000000 0.000000 0.000000
0.000000 0.000000 0.000000
0.000000 0.000000 0.000000
0.000000 0.000000 0.000000
0.000000 0.000000 0.000000
0.960000 -0.960000 -0.960000
1.000000 -1.000000 -1.000000
1.000000 -1.000000 -1.000000
1.000000 -1.000000 -1.000000
1.000000 -1.000000 -1.000000
1.000000 -1.000000 -0.129922
1.000000 -1.000000 0.830078
1.000000 -1.000000 -0.129922
1.000000 -0.168080 -1.000000
0.896075 0.791920 -1.000000
-0.063925 1.000000 -1.000000
-1.000000 1.000000 -1.000000
-1.000000 1.000000 -1.000000
-1.000000 1.000000 -1.000000
-1.000000 1.000000 -0.391995
-1.000000 1.000000 0.568005
-1.000000 1.000000 1.000000
-1.000000 1.000000 1.000000
-0.960000 0.960000 0.960000
0.000000 0.000000 0.000000
