      51
0.000000 0.000000 0.000000
-0.960000 -0.960000 -0.960000
-1.000000 -1.000000 -1.000000
-1.000000 -1.000000 -1.000000
-0.982724 -0.955124 -1.000000
-0.129242 -1.000000 -0.704805
0.247983 -0.552956 -0.768059
0.233184 0.407044 -1.000000
0.508953 0.993425 -1.000000
0.897926 1.000000 -1.000000
1.000000 1.000000 -0.736184
1.000000 1.000000 -0.434979
1.000000 1.000000 -0.131745
1.000000 1.000000 0.164489
1.000000 1.000000 0.444902
0.796046 1.000000 0.660569
0.036235 1.000000 0.733759
-0.820135 1.000000 0.748847
-1.000000 1.000000 0.853746
-1.000000 0.664899 1.000000
-1.000000 0.490640 1.000000
-1.000000 0.283842 1.000000
-1.000000 0.055327 1.000000
-0.960000 -0.125106 0.960000
0.000000 0.000000 0.000000
0.000000 0.000000 0.000000
0.000000 0.000000 0.000000
0.000000 0.000000 0.000000
0.000000 0.000000 0.000000
0.000000 0.000000 0.000000
0.000000 0.000000 0.000000
-0.960000 -0.744747 0.960000
-1.000000 -1.000000 1.000000
-1.000000 -1.000000 1.000000
-1.000000 -1.000000 1.000000
-1.000000 -1.000000 0.850462
-1.000000 -1.000000 -0.109538
-1.000000 -1.000000 -1.000000
-0.414113 -1.000000 -1.000000
0.545887 -1.000000 -1.000000
1.000000 -1.000000 -1.000000
1.000000 -1.000000 -1.000000
1.000000 -1.000000 -1.000000
1.000000 -0.738622 -1.000000
1.000000 0.221378 -0.725732
1.000000 1.000000 0.234268
1.000000 1.000000 1.000000
1.000000 1.000000 1.000000
1.000000 1.000000 1.000000
0.960000 0.960000 0.960000
0.000000 0.000000 0.000000
