      51
0.000000 0.000000 0.000000
-0.215245 0.960000 -0.960000
-0.580033 1.000000 -1.000000
-1.000000 0.426523 -1.000000
-1.000000 -0.314752 -0.937313
-0.055413 -0.628237 -0.449655
0.904587 -0.815385 0.079753
1.000000 -1.000000 0.464388
1.000000 -1.000000 0.807198
1.000000 -1.000000 1.000000
0.728692 -0.990697 1.000000
-0.215810 -0.802782 1.000000
-0.916931 -0.376146 1.000000
-1.000000 0.311475 1.000000
-0.933257 0.968332 1.000000
-0.977178 1.000000 0.805097
-0.684406 1.000000 0.560600
-0.034035 1.000000 0.326079
0.731970 1.000000 0.085723
1.000000 1.000000 -0.237149
1.000000 1.000000 -0.575199
1.000000 0.592579 -0.866839
1.000000 -0.032199 -1.000000
0.696392 -0.678645 -0.960000
0.000000 0.000000 0.000000
0.000000 0.000000 0.000000
0.000000 0.000000 0.000000
0.000000 0.000000 0.000000
0.000000 0.000000 0.000000
0.000000 0.000000 0.000000
0.000000 0.000000 0.000000
0.960000 -0.960000 -0.960000
1.000000 -1.000000 -1.000000
0.502262 -1.000000 -1.000000
-0.457738 -1.000000 -1.000000
-1.000000 -1.000000 -0.041669
-1.000000 -1.000000 0.918331
-1.000000 -1.000000 1.000000
-1.000000 -0.256537 1.000000
-1.000000 0.703463 1.000000
-1.000000 1.000000 0.525444
-1.000000 1.000000 -0.434556
-1.000000 1.000000 -1.000000
-1.000000 1.000000 -1.000000
-0.186928 1.000000 -1.000000
0.773072 1.000000 -0.996745
1.000000 0.406503 -0.036745
1.000000 -0.553497 0.923255
1.000000 -1.000000 1.000000
0.960000 -0.960000 0.960000
0.000000 0.000000 0.000000
